unix,date,symbol,open,high,low,close,Volume ETH,Volume BTC
1751328000,2025-07-01 00:00:00,ETH/BTC,0.023203,0.023205,0.023198,0.023198,0.168582,0.003911
1751241600,2025-06-30 00:00:00,ETH/BTC,0.023076,0.023431,0.022774,0.023198,1414.583804,32.815345
1751155200,2025-06-29 00:00:00,ETH/BTC,0.022704,0.023298,0.022475,0.023098,426.881574,9.860111
1751068800,2025-06-28 00:00:00,ETH/BTC,0.022637,0.022761,0.022527,0.022702,140.368767,3.186701
1750982400,2025-06-27 00:00:00,ETH/BTC,0.022582,0.022978,0.022368,0.022633,339.948184,7.694044
1750896000,2025-06-26 00:00:00,ETH/BTC,0.022519,0.023238,0.022436,0.022573,488.642736,11.029957
1750809600,2025-06-25 00:00:00,ETH/BTC,0.023070,0.023152,0.022304,0.022535,575.011214,12.958079
1750723200,2025-06-24 00:00:00,ETH/BTC,0.022893,0.023382,0.022727,0.023086,856.809798,19.780037
1750636800,2025-06-23 00:00:00,ETH/BTC,0.022064,0.023017,0.021947,0.022903,556.103703,12.736471
1750550400,2025-06-22 00:00:00,ETH/BTC,0.022499,0.022535,0.021403,0.022069,652.357923,14.396959
1750464000,2025-06-21 00:00:00,ETH/BTC,0.023287,0.023555,0.021979,0.022497,912.404820,20.526636
1750377600,2025-06-20 00:00:00,ETH/BTC,0.024092,0.024169,0.023147,0.023307,641.442996,14.949798
1750291200,2025-06-19 00:00:00,ETH/BTC,0.024070,0.024216,0.023911,0.024085,241.158661,5.808415
1750204800,2025-06-18 00:00:00,ETH/BTC,0.024005,0.024180,0.023762,0.024071,261.445824,6.293323
1750118400,2025-06-17 00:00:00,ETH/BTC,0.023754,0.024333,0.023733,0.024006,489.476775,11.750282
1750032000,2025-06-16 00:00:00,ETH/BTC,0.024119,0.024712,0.023755,0.023798,795.689010,18.935560
1749945600,2025-06-15 00:00:00,ETH/BTC,0.024012,0.024215,0.023809,0.024136,225.036120,5.431359
1749859200,2025-06-14 00:00:00,ETH/BTC,0.024279,0.024293,0.023866,0.024068,232.039028,5.584820
1749772800,2025-06-13 00:00:00,ETH/BTC,0.025030,0.025030,0.023700,0.024314,846.197919,20.574422
1749686400,2025-06-12 00:00:00,ETH/BTC,0.025511,0.025736,0.024768,0.024995,803.752550,20.090116
1749600000,2025-06-11 00:00:00,ETH/BTC,0.025543,0.026218,0.025237,0.025517,528.388655,13.482835
1749513600,2025-06-10 00:00:00,ETH/BTC,0.024308,0.025687,0.024308,0.025506,1634.965195,41.702109
1749427200,2025-06-09 00:00:00,ETH/BTC,0.023731,0.024416,0.023473,0.024303,810.112298,19.688321
1749340800,2025-06-08 00:00:00,ETH/BTC,0.023901,0.023901,0.023650,0.023733,270.108441,6.410532
1749254400,2025-06-07 00:00:00,ETH/BTC,0.023738,0.024003,0.023643,0.023906,326.066921,7.795028
1749168000,2025-06-06 00:00:00,ETH/BTC,0.023781,0.024113,0.023597,0.023731,949.185422,22.525005
1749081600,2025-06-05 00:00:00,ETH/BTC,0.024905,0.025046,0.023766,0.023788,532.692941,12.671662
1748995200,2025-06-04 00:00:00,ETH/BTC,0.024612,0.025394,0.024585,0.024905,491.132851,12.231732
1748908800,2025-06-03 00:00:00,ETH/BTC,0.024627,0.024942,0.024498,0.024596,1020.810034,25.107813
1748822400,2025-06-02 00:00:00,ETH/BTC,0.024028,0.024664,0.023649,0.024625,950.603211,23.408937
1748736000,2025-06-01 00:00:00,ETH/BTC,0.024146,0.024200,0.023843,0.024025,284.794691,6.842329
1748649600,2025-05-31 00:00:00,ETH/BTC,0.024328,0.024497,0.023942,0.024170,466.529619,11.276021
1748563200,2025-05-30 00:00:00,ETH/BTC,0.024924,0.025032,0.024190,0.024326,480.161108,11.680188
1748476800,2025-05-29 00:00:00,ETH/BTC,0.024881,0.025751,0.024515,0.024907,727.482083,18.119673
1748390400,2025-05-28 00:00:00,ETH/BTC,0.024426,0.024894,0.024080,0.024894,481.334978,11.982261
1748304000,2025-05-27 00:00:00,ETH/BTC,0.023424,0.024528,0.023292,0.024436,1633.392668,39.913159
1748217600,2025-05-26 00:00:00,ETH/BTC,0.023408,0.023568,0.023204,0.023429,556.452832,13.036966
1748131200,2025-05-25 00:00:00,ETH/BTC,0.023478,0.023507,0.023073,0.023418,340.117774,7.964936
1748044800,2025-05-24 00:00:00,ETH/BTC,0.023668,0.023681,0.023230,0.023476,223.647171,5.250424
1747958400,2025-05-23 00:00:00,ETH/BTC,0.023868,0.024548,0.023305,0.023500,884.132468,20.777387
1747872000,2025-05-22 00:00:00,ETH/BTC,0.023274,0.024321,0.023262,0.023832,790.704943,18.844183
1747785600,2025-05-21 00:00:00,ETH/BTC,0.023623,0.024176,0.023076,0.023299,1096.341978,25.543946
1747699200,2025-05-20 00:00:00,ETH/BTC,0.023944,0.024330,0.023203,0.023627,718.376694,16.973180
1747612800,2025-05-19 00:00:00,ETH/BTC,0.023444,0.024111,0.022855,0.023946,1280.413968,30.661023
1747526400,2025-05-18 00:00:00,ETH/BTC,0.024027,0.024494,0.022526,0.023424,950.989800,22.276242
1747440000,2025-05-17 00:00:00,ETH/BTC,0.024515,0.024515,0.023835,0.023976,871.929706,20.905212
1747353600,2025-05-16 00:00:00,ETH/BTC,0.024562,0.025431,0.024478,0.024496,1324.170676,32.437084
1747267200,2025-05-15 00:00:00,ETH/BTC,0.025214,0.025466,0.024386,0.024525,1289.910476,31.635235
1747180800,2025-05-14 00:00:00,ETH/BTC,0.025743,0.026139,0.024798,0.025213,1497.986627,37.768527
1747094400,2025-05-13 00:00:00,ETH/BTC,0.024270,0.026000,0.023765,0.025714,1712.243423,44.028182
1747008000,2025-05-12 00:00:00,ETH/BTC,0.024144,0.024882,0.023919,0.024259,1094.207898,26.544072
1746921600,2025-05-11 00:00:00,ETH/BTC,0.024646,0.024833,0.023466,0.024116,1202.416822,28.997340
1746835200,2025-05-10 00:00:00,ETH/BTC,0.022769,0.024970,0.022547,0.024646,1567.973075,38.644515
1746748800,2025-05-09 00:00:00,ETH/BTC,0.021379,0.023963,0.021212,0.022735,1679.131634,38.175780
1746662400,2025-05-08 00:00:00,ETH/BTC,0.018663,0.021500,0.018620,0.021389,1676.093493,35.850433
1746576000,2025-05-07 00:00:00,ETH/BTC,0.018766,0.019045,0.018536,0.018665,577.420379,10.777702
1746489600,2025-05-06 00:00:00,ETH/BTC,0.019185,0.019194,0.018673,0.018759,494.989858,9.285445
1746403200,2025-05-05 00:00:00,ETH/BTC,0.019188,0.019336,0.019027,0.019192,334.461448,6.418897
1746316800,2025-05-04 00:00:00,ETH/BTC,0.019125,0.019288,0.019096,0.019171,298.735246,5.727065
1746230400,2025-05-03 00:00:00,ETH/BTC,0.019012,0.019170,0.018870,0.019127,163.409014,3.125563
1746144000,2025-05-02 00:00:00,ETH/BTC,0.019044,0.019136,0.018822,0.019019,340.551476,6.476955
1746057600,2025-05-01 00:00:00,ETH/BTC,0.019057,0.019307,0.019011,0.019064,528.804437,10.081160
1745971200,2025-04-30 00:00:00,ETH/BTC,0.019085,0.019153,0.018646,0.019037,580.123694,11.043664
1745884800,2025-04-29 00:00:00,ETH/BTC,0.018945,0.019382,0.018907,0.019083,530.791871,10.128979
1745798400,2025-04-28 00:00:00,ETH/BTC,0.019113,0.019154,0.018686,0.018931,690.753262,13.076622
1745712000,2025-04-27 00:00:00,ETH/BTC,0.019253,0.020043,0.019052,0.019119,400.456062,7.656504
1745625600,2025-04-26 00:00:00,ETH/BTC,0.018883,0.019422,0.018876,0.019261,453.768391,8.739979
1745539200,2025-04-25 00:00:00,ETH/BTC,0.018834,0.019132,0.018720,0.018862,589.281971,11.115213
1745452800,2025-04-24 00:00:00,ETH/BTC,0.019163,0.019254,0.018766,0.018839,1171.110437,22.062643
1745366400,2025-04-23 00:00:00,ETH/BTC,0.018776,0.019476,0.018734,0.019164,3261.772388,62.508769
1745280000,2025-04-22 00:00:00,ETH/BTC,0.018004,0.019038,0.017679,0.018829,1199.367387,22.583260
1745193600,2025-04-21 00:00:00,ETH/BTC,0.018683,0.018891,0.018000,0.018041,654.284337,11.803702
1745107200,2025-04-20 00:00:00,ETH/BTC,0.018953,0.018971,0.018603,0.018625,376.841367,7.018821
1745020800,2025-04-19 00:00:00,ETH/BTC,0.018801,0.019150,0.018715,0.018969,225.234150,4.272379
1744934400,2025-04-18 00:00:00,ETH/BTC,0.018620,0.018897,0.018611,0.018815,253.778642,4.774741
1744848000,2025-04-17 00:00:00,ETH/BTC,0.018774,0.019007,0.018610,0.018635,655.193315,12.209593
1744761600,2025-04-16 00:00:00,ETH/BTC,0.018977,0.019117,0.018501,0.018777,726.907718,13.649364
1744675200,2025-04-15 00:00:00,ETH/BTC,0.019199,0.019263,0.018906,0.018980,799.967731,15.183228
1744588800,2025-04-14 00:00:00,ETH/BTC,0.019121,0.019888,0.019016,0.019172,1051.448425,20.158306
1744502400,2025-04-13 00:00:00,ETH/BTC,0.019268,0.019363,0.018797,0.019084,548.355433,10.464980
1744416000,2025-04-12 00:00:00,ETH/BTC,0.018758,0.019612,0.018596,0.019290,492.868744,9.507468
1744329600,2025-04-11 00:00:00,ETH/BTC,0.019107,0.019356,0.018657,0.018787,691.278749,12.986978
1744243200,2025-04-10 00:00:00,ETH/BTC,0.020190,0.020190,0.018762,0.019163,720.184564,13.800731
1744156800,2025-04-09 00:00:00,ETH/BTC,0.019297,0.020256,0.018600,0.020223,2874.031934,58.120111
1744070400,2025-04-08 00:00:00,ETH/BTC,0.019621,0.019984,0.018889,0.019305,919.295905,17.746658
1743984000,2025-04-07 00:00:00,ETH/BTC,0.020257,0.020397,0.018963,0.019635,1032.663834,20.276468
1743897600,2025-04-06 00:00:00,ETH/BTC,0.021663,0.021716,0.019785,0.020157,601.969349,12.133643
1743811200,2025-04-05 00:00:00,ETH/BTC,0.021704,0.021763,0.021322,0.021642,268.272773,5.806093
1743724800,2025-04-04 00:00:00,ETH/BTC,0.021837,0.021876,0.021508,0.021640,261.678096,5.662615
1743638400,2025-04-03 00:00:00,ETH/BTC,0.021781,0.021990,0.021398,0.021850,447.172427,9.770597
1743552000,2025-04-02 00:00:00,ETH/BTC,0.022362,0.022379,0.021621,0.021755,674.923160,14.683102
1743465600,2025-04-01 00:00:00,ETH/BTC,0.022082,0.022606,0.022036,0.022367,809.861202,18.114198
1743379200,2025-03-31 00:00:00,ETH/BTC,0.021951,0.022212,0.021852,0.022093,743.752756,16.431618
1743292800,2025-03-30 00:00:00,ETH/BTC,0.022072,0.022171,0.021665,0.021927,414.812243,9.095418
1743206400,2025-03-29 00:00:00,ETH/BTC,0.022466,0.022660,0.022004,0.022125,460.922918,10.198099
1743120000,2025-03-28 00:00:00,ETH/BTC,0.022957,0.023083,0.021913,0.022493,1038.084708,23.349639
1743033600,2025-03-27 00:00:00,ETH/BTC,0.023121,0.023270,0.022942,0.022970,598.376409,13.744586
1742947200,2025-03-26 00:00:00,ETH/BTC,0.023634,0.023676,0.022994,0.023116,496.930997,11.487007
1742860800,2025-03-25 00:00:00,ETH/BTC,0.023792,0.023949,0.023459,0.023638,556.434122,13.153223
1742774400,2025-03-24 00:00:00,ETH/BTC,0.023312,0.024053,0.023129,0.023791,546.892251,13.011092
1742688000,2025-03-23 00:00:00,ETH/BTC,0.023628,0.023944,0.023227,0.023295,158.686652,3.696572
1742601600,2025-03-22 00:00:00,ETH/BTC,0.023389,0.023785,0.023389,0.023619,261.199049,6.169360
1742515200,2025-03-21 00:00:00,ETH/BTC,0.023559,0.023616,0.023157,0.023372,441.267681,10.313410
1742428800,2025-03-20 00:00:00,ETH/BTC,0.023672,0.023688,0.023138,0.023556,377.021445,8.881230
1742342400,2025-03-19 00:00:00,ETH/BTC,0.023369,0.024231,0.023218,0.023689,779.176404,18.457902
1742256000,2025-03-18 00:00:00,ETH/BTC,0.022935,0.023395,0.022853,0.023352,276.820329,6.464203
1742169600,2025-03-17 00:00:00,ETH/BTC,0.022861,0.023141,0.022738,0.022940,803.192482,18.425460
1742083200,2025-03-16 00:00:00,ETH/BTC,0.022967,0.023011,0.022535,0.022861,251.081282,5.740007
1741996800,2025-03-15 00:00:00,ETH/BTC,0.022739,0.023141,0.022600,0.022985,188.188749,4.325494
1741910400,2025-03-14 00:00:00,ETH/BTC,0.022996,0.023147,0.022634,0.022744,354.526064,8.063327
1741824000,2025-03-13 00:00:00,ETH/BTC,0.022800,0.023134,0.022400,0.022997,708.756199,16.299117
1741737600,2025-03-12 00:00:00,ETH/BTC,0.023177,0.023579,0.022630,0.022777,763.616264,17.392933
1741651200,2025-03-11 00:00:00,ETH/BTC,0.023744,0.023854,0.022947,0.023180,746.407222,17.301570
1741564800,2025-03-10 00:00:00,ETH/BTC,0.025022,0.025800,0.023382,0.023727,491.686760,11.666045
1741478400,2025-03-09 00:00:00,ETH/BTC,0.025552,0.025579,0.024249,0.025022,177.947598,4.452555
1741392000,2025-03-08 00:00:00,ETH/BTC,0.024692,0.025822,0.024692,0.025557,208.000629,5.315778
1741305600,2025-03-07 00:00:00,ETH/BTC,0.024512,0.024940,0.024389,0.024660,309.689513,7.636844
1741219200,2025-03-06 00:00:00,ETH/BTC,0.024739,0.025193,0.024415,0.024479,235.213424,5.757700
1741132800,2025-03-05 00:00:00,ETH/BTC,0.024884,0.025458,0.024391,0.024744,230.060242,5.692585
1741046400,2025-03-04 00:00:00,ETH/BTC,0.024928,0.025326,0.024304,0.024892,350.149329,8.716050
1740960000,2025-03-03 00:00:00,ETH/BTC,0.026686,0.026686,0.024500,0.024926,822.213796,20.494296
1740873600,2025-03-02 00:00:00,ETH/BTC,0.025747,0.027327,0.025294,0.026724,605.590570,16.183609
1740787200,2025-03-01 00:00:00,ETH/BTC,0.026542,0.026674,0.025417,0.025758,256.146244,6.597871
1740700800,2025-02-28 00:00:00,ETH/BTC,0.027227,0.027316,0.026223,0.026453,392.800179,10.390924
1740614400,2025-02-27 00:00:00,ETH/BTC,0.027698,0.027757,0.026840,0.027191,392.403133,10.669951
1740528000,2025-02-26 00:00:00,ETH/BTC,0.028198,0.028198,0.027066,0.027706,356.130748,9.866969
1740441600,2025-02-25 00:00:00,ETH/BTC,0.027493,0.028353,0.026065,0.028135,450.943238,12.687356
1740355200,2025-02-24 00:00:00,ETH/BTC,0.029319,0.029421,0.026803,0.027473,282.792273,7.769228
1740268800,2025-02-23 00:00:00,ETH/BTC,0.028623,0.029659,0.028492,0.029354,370.857563,10.886335
1740182400,2025-02-22 00:00:00,ETH/BTC,0.027669,0.028945,0.027669,0.028616,361.306332,10.339030
1740096000,2025-02-21 00:00:00,ETH/BTC,0.027851,0.028651,0.027410,0.027657,362.987028,10.039256
1740009600,2025-02-20 00:00:00,ETH/BTC,0.028098,0.028344,0.027778,0.027864,256.749760,7.153967
1739923200,2025-02-19 00:00:00,ETH/BTC,0.027925,0.028461,0.027922,0.028104,317.264798,8.916505
1739836800,2025-02-18 00:00:00,ETH/BTC,0.028649,0.028657,0.027695,0.027950,446.369812,12.475902
1739750400,2025-02-17 00:00:00,ETH/BTC,0.027713,0.029400,0.027532,0.028606,432.638698,12.376171
1739664000,2025-02-16 00:00:00,ETH/BTC,0.027597,0.027903,0.027551,0.027667,130.894756,3.621491
1739577600,2025-02-15 00:00:00,ETH/BTC,0.027960,0.027979,0.027354,0.027630,142.923035,3.949005
1739491200,2025-02-14 00:00:00,ETH/BTC,0.027609,0.028312,0.027599,0.027948,165.065844,4.613278
1739404800,2025-02-13 00:00:00,ETH/BTC,0.027991,0.028176,0.027403,0.027694,724.303624,20.059075
1739318400,2025-02-12 00:00:00,ETH/BTC,0.027149,0.028522,0.026994,0.027953,493.772858,13.802472
1739232000,2025-02-11 00:00:00,ETH/BTC,0.027339,0.027750,0.026868,0.027182,451.776001,12.279990
1739145600,2025-02-10 00:00:00,ETH/BTC,0.027276,0.027600,0.026816,0.027305,352.961179,9.637637
1739059200,2025-02-09 00:00:00,ETH/BTC,0.027309,0.027653,0.026647,0.027276,227.317329,6.200230
1738972800,2025-02-08 00:00:00,ETH/BTC,0.027160,0.027539,0.027087,0.027325,169.612765,4.634733
1738886400,2025-02-07 00:00:00,ETH/BTC,0.027879,0.028327,0.026812,0.027173,427.815488,11.625231
1738800000,2025-02-06 00:00:00,ETH/BTC,0.028891,0.029115,0.027605,0.027818,424.799634,11.816915
1738713600,2025-02-05 00:00:00,ETH/BTC,0.027907,0.028903,0.027702,0.028852,285.050259,8.224233
1738627200,2025-02-04 00:00:00,ETH/BTC,0.028349,0.029400,0.027106,0.027882,624.707086,17.418264
1738540800,2025-02-03 00:00:00,ETH/BTC,0.029317,0.029460,0.023404,0.028376,958.173768,27.189177
1738454400,2025-02-02 00:00:00,ETH/BTC,0.031003,0.031261,0.028668,0.029340,494.596339,14.511348
1738368000,2025-02-01 00:00:00,ETH/BTC,0.032227,0.032408,0.030979,0.030979,177.155786,5.488104
1738281600,2025-01-31 00:00:00,ETH/BTC,0.031048,0.032668,0.030941,0.032233,352.347508,11.357249
1738195200,2025-01-30 00:00:00,ETH/BTC,0.029958,0.031153,0.029940,0.030997,628.650119,19.486475
1738108800,2025-01-29 00:00:00,ETH/BTC,0.030360,0.030736,0.030000,0.030013,343.030131,10.295326
1738022400,2025-01-28 00:00:00,ETH/BTC,0.031167,0.031341,0.030320,0.030387,500.163117,15.198412
1737936000,2025-01-27 00:00:00,ETH/BTC,0.031455,0.031645,0.030736,0.031135,375.073241,11.678093
1737849600,2025-01-26 00:00:00,ETH/BTC,0.031684,0.031858,0.031439,0.031560,120.772950,3.811586
1737763200,2025-01-25 00:00:00,ETH/BTC,0.031534,0.031946,0.031379,0.031686,198.316217,6.283860
1737676800,2025-01-24 00:00:00,ETH/BTC,0.032200,0.032449,0.031589,0.031589,204.477312,6.459181
1737590400,2025-01-23 00:00:00,ETH/BTC,0.031307,0.032093,0.030222,0.032093,704.861253,22.621112
1737504000,2025-01-22 00:00:00,ETH/BTC,0.031403,0.031684,0.031081,0.031236,318.645009,9.953259
1737417600,2025-01-21 00:00:00,ETH/BTC,0.032095,0.032098,0.031033,0.031306,389.637225,12.197812
1737331200,2025-01-20 00:00:00,ETH/BTC,0.031735,0.032432,0.030865,0.032098,789.838780,25.352585
1737244800,2025-01-19 00:00:00,ETH/BTC,0.031632,0.032794,0.029962,0.031628,600.320209,18.986808
1737158400,2025-01-18 00:00:00,ETH/BTC,0.033389,0.033389,0.031309,0.031700,494.966821,15.690498
1737072000,2025-01-17 00:00:00,ETH/BTC,0.033087,0.033656,0.032411,0.033365,469.678950,15.670786
1736985600,2025-01-16 00:00:00,ETH/BTC,0.034336,0.034336,0.032949,0.032976,628.810363,20.735525
1736899200,2025-01-15 00:00:00,ETH/BTC,0.033341,0.034555,0.033026,0.034332,183.533098,6.301113
1736812800,2025-01-14 00:00:00,ETH/BTC,0.033197,0.033568,0.033086,0.033395,237.232985,7.922301
1736726400,2025-01-13 00:00:00,ETH/BTC,0.034629,0.034741,0.032634,0.033225,356.125758,11.832204
1736640000,2025-01-12 00:00:00,ETH/BTC,0.034706,0.034765,0.034383,0.034533,93.840059,3.240592
1736553600,2025-01-11 00:00:00,ETH/BTC,0.034494,0.034955,0.034246,0.034707,74.289388,2.578374
1736467200,2025-01-10 00:00:00,ETH/BTC,0.034794,0.034909,0.034422,0.034509,298.927997,10.315832
1736380800,2025-01-09 00:00:00,ETH/BTC,0.035006,0.035610,0.034519,0.034837,226.092379,7.876430
1736294400,2025-01-08 00:00:00,ETH/BTC,0.034893,0.035350,0.034595,0.035007,323.671824,11.330699
1736208000,2025-01-07 00:00:00,ETH/BTC,0.036019,0.036212,0.034829,0.034880,292.676390,10.208640
1736121600,2025-01-06 00:00:00,ETH/BTC,0.036959,0.037179,0.035935,0.036025,829.818642,29.894192
1736035200,2025-01-05 00:00:00,ETH/BTC,0.037208,0.037350,0.036908,0.036950,474.392853,17.529001
1735948800,2025-01-04 00:00:00,ETH/BTC,0.036750,0.037277,0.036511,0.037270,418.080793,15.581842
1735862400,2025-01-03 00:00:00,ETH/BTC,0.035613,0.036800,0.035595,0.036755,471.311848,17.323190
1735776000,2025-01-02 00:00:00,ETH/BTC,0.035525,0.036038,0.035429,0.035611,399.258279,14.218102
1735689600,2025-01-01 00:00:00,ETH/BTC,0.035716,0.035770,0.035406,0.035455,87.278736,3.094469
1735603200,2024-12-31 00:00:00,ETH/BTC,0.036198,0.036226,0.035646,0.035653,588.895968,20.995643
1735516800,2024-12-30 00:00:00,ETH/BTC,0.035804,0.036576,0.035796,0.036245,935.741530,33.915493
1735430400,2024-12-29 00:00:00,ETH/BTC,0.035716,0.035952,0.035537,0.035821,234.048214,8.383932
1735344000,2024-12-28 00:00:00,ETH/BTC,0.035346,0.035817,0.035256,0.035693,228.205556,8.145409
1735257600,2024-12-27 00:00:00,ETH/BTC,0.034821,0.035559,0.034821,0.035360,419.899131,14.847831
1735171200,2024-12-26 00:00:00,ETH/BTC,0.035162,0.035328,0.034626,0.034680,127.623202,4.425973
1735084800,2024-12-25 00:00:00,ETH/BTC,0.035405,0.035764,0.034942,0.035150,218.363012,7.675547
1734998400,2024-12-24 00:00:00,ETH/BTC,0.036061,0.036292,0.035257,0.035443,208.114172,7.376141
1734912000,2024-12-23 00:00:00,ETH/BTC,0.034473,0.036703,0.034306,0.036075,530.530216,19.138745
1734825600,2024-12-22 00:00:00,ETH/BTC,0.034311,0.034969,0.034150,0.034451,129.734501,4.469504
1734739200,2024-12-21 00:00:00,ETH/BTC,0.035488,0.035884,0.034063,0.034265,354.697228,12.153803
1734652800,2024-12-20 00:00:00,ETH/BTC,0.035051,0.035938,0.033392,0.035484,939.049155,33.321596
1734566400,2024-12-19 00:00:00,ETH/BTC,0.036197,0.036429,0.034741,0.035123,566.459834,19.895525
1734480000,2024-12-18 00:00:00,ETH/BTC,0.036674,0.037279,0.036099,0.036186,993.817135,35.962744
1734393600,2024-12-17 00:00:00,ETH/BTC,0.037589,0.037813,0.036428,0.036684,787.518657,28.889602
1734307200,2024-12-16 00:00:00,ETH/BTC,0.037888,0.038308,0.036950,0.037600,1041.275267,39.152304
1734220800,2024-12-15 00:00:00,ETH/BTC,0.038153,0.038186,0.037463,0.037879,338.234939,12.812086
1734134400,2024-12-14 00:00:00,ETH/BTC,0.038517,0.038705,0.037952,0.038127,315.099014,12.013865
1734048000,2024-12-13 00:00:00,ETH/BTC,0.038811,0.039521,0.038446,0.038545,535.063346,20.624247
1733961600,2024-12-12 00:00:00,ETH/BTC,0.037887,0.039276,0.037782,0.038741,829.659324,32.141981
1733875200,2024-12-11 00:00:00,ETH/BTC,0.037557,0.037992,0.037221,0.037857,467.859743,17.711930
1733788800,2024-12-10 00:00:00,ETH/BTC,0.038151,0.038592,0.037000,0.037556,767.037664,28.807104
1733702400,2024-12-09 00:00:00,ETH/BTC,0.039601,0.039883,0.037072,0.038167,1436.608660,54.830842
1733616000,2024-12-08 00:00:00,ETH/BTC,0.040049,0.040093,0.039565,0.039565,749.820992,29.666593
1733529600,2024-12-07 00:00:00,ETH/BTC,0.040087,0.040334,0.039862,0.040074,168.278713,6.743633
1733443200,2024-12-06 00:00:00,ETH/BTC,0.039011,0.040758,0.039011,0.040153,1708.124665,68.585476
1733356800,2024-12-05 00:00:00,ETH/BTC,0.038920,0.040366,0.037030,0.039074,1285.335577,50.222932
1733270400,2024-12-04 00:00:00,ETH/BTC,0.037706,0.040121,0.037706,0.038921,1170.856385,45.570363
1733184000,2024-12-03 00:00:00,ETH/BTC,0.038014,0.038236,0.037200,0.037704,385.446547,14.532927
1733097600,2024-12-02 00:00:00,ETH/BTC,0.038190,0.038566,0.037600,0.038008,723.404291,27.495244
1733011200,2024-12-01 00:00:00,ETH/BTC,0.038455,0.038686,0.037966,0.038142,477.201645,18.201659
1732924800,2024-11-30 00:00:00,ETH/BTC,0.036868,0.038666,0.036846,0.038439,334.038594,12.840059
1732838400,2024-11-29 00:00:00,ETH/BTC,0.037427,0.037465,0.036626,0.036904,482.600804,17.809900
1732752000,2024-11-28 00:00:00,ETH/BTC,0.038147,0.038153,0.037161,0.037425,1050.211860,39.304074
1732665600,2024-11-27 00:00:00,ETH/BTC,0.036147,0.038647,0.035947,0.038106,837.496044,31.913959
1732579200,2024-11-26 00:00:00,ETH/BTC,0.036729,0.036735,0.035244,0.036171,525.142215,18.995134
1732492800,2024-11-25 00:00:00,ETH/BTC,0.034320,0.036900,0.034057,0.036679,813.054199,29.821787
1732406400,2024-11-24 00:00:00,ETH/BTC,0.034744,0.035056,0.034014,0.034327,321.158839,11.024474
1732320000,2024-11-23 00:00:00,ETH/BTC,0.033644,0.035447,0.033618,0.034764,444.992523,15.469551
1732233600,2024-11-22 00:00:00,ETH/BTC,0.034126,0.034625,0.032908,0.033644,1172.811867,39.457871
1732147200,2024-11-21 00:00:00,ETH/BTC,0.032549,0.034579,0.031894,0.034122,1624.900331,55.445077
1732060800,2024-11-20 00:00:00,ETH/BTC,0.033657,0.033848,0.032351,0.032617,552.848239,18.032129
1731974400,2024-11-19 00:00:00,ETH/BTC,0.035448,0.035546,0.033284,0.033665,592.902325,19.959766
1731888000,2024-11-18 00:00:00,ETH/BTC,0.034263,0.035621,0.033792,0.035420,556.838981,19.723237
1731801600,2024-11-17 00:00:00,ETH/BTC,0.034607,0.034820,0.033966,0.034252,232.822791,7.974670
1731715200,2024-11-16 00:00:00,ETH/BTC,0.033891,0.035275,0.033800,0.034588,524.445389,18.139438
1731628800,2024-11-15 00:00:00,ETH/BTC,0.035013,0.035036,0.033585,0.033960,461.597444,15.675752
1731542400,2024-11-14 00:00:00,ETH/BTC,0.035303,0.035954,0.034650,0.035041,558.846570,19.582789
1731456000,2024-11-13 00:00:00,ETH/BTC,0.036908,0.037241,0.034970,0.035241,868.964328,30.622746
1731369600,2024-11-12 00:00:00,ETH/BTC,0.037967,0.038621,0.036599,0.036865,1050.086570,38.711473
1731283200,2024-11-11 00:00:00,ETH/BTC,0.039620,0.039662,0.037521,0.038100,1978.156967,75.367780
1731196800,2024-11-10 00:00:00,ETH/BTC,0.040709,0.042200,0.039105,0.039654,454.620204,18.027491
1731110400,2024-11-09 00:00:00,ETH/BTC,0.038706,0.041100,0.038706,0.040800,1185.439113,48.365702
1731024000,2024-11-08 00:00:00,ETH/BTC,0.038274,0.038821,0.038108,0.038703,249.668579,9.662841
1730937600,2024-11-07 00:00:00,ETH/BTC,0.035945,0.038244,0.035941,0.038117,381.062647,14.524942
1730851200,2024-11-06 00:00:00,ETH/BTC,0.034888,0.036233,0.034658,0.036000,1029.437982,37.059263
1730764800,2024-11-05 00:00:00,ETH/BTC,0.035380,0.035521,0.034830,0.034927,325.709860,11.375948
1730678400,2024-11-04 00:00:00,ETH/BTC,0.035731,0.035940,0.035279,0.035343,296.828556,10.490734
1730592000,2024-11-03 00:00:00,ETH/BTC,0.035950,0.036033,0.035609,0.035722,276.068481,9.861644
1730505600,2024-11-02 00:00:00,ETH/BTC,0.036148,0.036162,0.035570,0.035952,86.592138,3.113144
1730419200,2024-11-01 00:00:00,ETH/BTC,0.035855,0.036397,0.035845,0.036137,187.206114,6.764994
1730332800,2024-10-31 00:00:00,ETH/BTC,0.036766,0.036871,0.035680,0.035808,174.312203,6.241773
1730246400,2024-10-30 00:00:00,ETH/BTC,0.036289,0.037771,0.036112,0.036747,173.502052,6.375635
1730160000,2024-10-29 00:00:00,ETH/BTC,0.036691,0.037067,0.036102,0.036264,488.268841,17.706430
1730073600,2024-10-28 00:00:00,ETH/BTC,0.036850,0.037037,0.035914,0.036685,408.926390,15.001595
1729987200,2024-10-27 00:00:00,ETH/BTC,0.037002,0.037006,0.036688,0.036887,74.300730,2.740695
1729900800,2024-10-26 00:00:00,ETH/BTC,0.036513,0.037205,0.036490,0.036996,162.175459,5.999919
1729814400,2024-10-25 00:00:00,ETH/BTC,0.037156,0.037490,0.036235,0.036605,411.668010,15.069058
1729728000,2024-10-24 00:00:00,ETH/BTC,0.037844,0.037987,0.037097,0.037173,227.319490,8.450068
1729641600,2024-10-23 00:00:00,ETH/BTC,0.038901,0.039045,0.037521,0.037854,317.407945,12.015100
1729555200,2024-10-22 00:00:00,ETH/BTC,0.039624,0.039648,0.038901,0.038902,167.780898,6.526962
1729468800,2024-10-21 00:00:00,ETH/BTC,0.039785,0.039882,0.039447,0.039549,362.896818,14.352311
1729382400,2024-10-20 00:00:00,ETH/BTC,0.038744,0.039806,0.038675,0.039795,189.180161,7.528474
1729296000,2024-10-19 00:00:00,ETH/BTC,0.038596,0.038854,0.038564,0.038743,92.159792,3.570552
1729209600,2024-10-18 00:00:00,ETH/BTC,0.038668,0.038949,0.038442,0.038597,402.876674,15.549742
1729123200,2024-10-17 00:00:00,ETH/BTC,0.038655,0.039170,0.038609,0.038641,224.233536,8.664601
1729036800,2024-10-16 00:00:00,ETH/BTC,0.038857,0.039035,0.038409,0.038622,236.579111,9.137156
1728950400,2024-10-15 00:00:00,ETH/BTC,0.039786,0.040006,0.038551,0.038862,411.015798,15.973073
1728864000,2024-10-14 00:00:00,ETH/BTC,0.039262,0.040117,0.039069,0.039774,272.723865,10.847292
1728777600,2024-10-13 00:00:00,ETH/BTC,0.039175,0.039351,0.039113,0.039256,52.395779,2.056844
1728691200,2024-10-12 00:00:00,ETH/BTC,0.039003,0.039318,0.038847,0.039194,97.204254,3.809831
1728604800,2024-10-11 00:00:00,ETH/BTC,0.039551,0.039786,0.038851,0.039018,136.950948,5.343499
1728518400,2024-10-10 00:00:00,ETH/BTC,0.039087,0.039866,0.039065,0.039568,151.707810,6.002840
1728432000,2024-10-09 00:00:00,ETH/BTC,0.039261,0.039683,0.038971,0.039114,198.217545,7.753047
1728345600,2024-10-08 00:00:00,ETH/BTC,0.038926,0.039355,0.038750,0.039270,112.836054,4.431077
1728259200,2024-10-07 00:00:00,ETH/BTC,0.038830,0.039419,0.038516,0.038931,107.496685,4.184918
1728172800,2024-10-06 00:00:00,ETH/BTC,0.038894,0.039150,0.038747,0.038805,34.347688,1.332877
1728086400,2024-10-05 00:00:00,ETH/BTC,0.038882,0.039011,0.038694,0.038914,81.572262,3.174292
1728000000,2024-10-04 00:00:00,ETH/BTC,0.038692,0.039318,0.038605,0.038919,192.938127,7.508893
1727913600,2024-10-03 00:00:00,ETH/BTC,0.038950,0.039117,0.038413,0.038676,154.673882,5.982218
1727827200,2024-10-02 00:00:00,ETH/BTC,0.040247,0.040466,0.038918,0.038992,197.517300,7.701616
1727740800,2024-10-01 00:00:00,ETH/BTC,0.041100,0.041440,0.039730,0.040194,192.136403,7.722769
1727654400,2024-09-30 00:00:00,ETH/BTC,0.040516,0.041249,0.040349,0.041092,176.058095,7.234523
1727568000,2024-09-29 00:00:00,ETH/BTC,0.040635,0.040659,0.040280,0.040433,42.943179,1.736329
1727481600,2024-09-28 00:00:00,ETH/BTC,0.041013,0.041013,0.040501,0.040644,140.406679,5.706636
1727395200,2024-09-27 00:00:00,ETH/BTC,0.040381,0.041173,0.040298,0.041015,217.391841,8.916392
1727308800,2024-09-26 00:00:00,ETH/BTC,0.040855,0.041249,0.040312,0.040379,374.681027,15.129354
1727222400,2024-09-25 00:00:00,ETH/BTC,0.041270,0.041275,0.040529,0.040856,241.189310,9.853951
1727136000,2024-09-24 00:00:00,ETH/BTC,0.041800,0.041838,0.041128,0.041259,198.108925,8.173836
1727049600,2024-09-23 00:00:00,ETH/BTC,0.040640,0.042417,0.040568,0.041800,98.369374,4.111806
1726963200,2024-09-22 00:00:00,ETH/BTC,0.041296,0.041459,0.040474,0.040629,86.814125,3.527195
1726876800,2024-09-21 00:00:00,ETH/BTC,0.040527,0.041296,0.040240,0.041219,155.466603,6.408192
1726790400,2024-09-20 00:00:00,ETH/BTC,0.039151,0.040709,0.038863,0.040520,511.128880,20.710758
1726704000,2024-09-19 00:00:00,ETH/BTC,0.038435,0.039292,0.038324,0.039150,1070.052050,41.893041
1726617600,2024-09-18 00:00:00,ETH/BTC,0.038826,0.038826,0.038348,0.038414,634.579509,24.376610
1726531200,2024-09-17 00:00:00,ETH/BTC,0.039431,0.039435,0.038717,0.038810,234.649123,9.106702
1726444800,2024-09-16 00:00:00,ETH/BTC,0.039164,0.039702,0.038717,0.039415,191.980512,7.566948
1726358400,2024-09-15 00:00:00,ETH/BTC,0.040321,0.040336,0.038952,0.039198,132.505446,5.193893
1726272000,2024-09-14 00:00:00,ETH/BTC,0.040320,0.040524,0.040038,0.040262,250.843971,10.099515
1726185600,2024-09-13 00:00:00,ETH/BTC,0.040630,0.040801,0.040256,0.040319,194.867787,7.856868
1726099200,2024-09-12 00:00:00,ETH/BTC,0.040725,0.040928,0.040202,0.040683,113.521511,4.618405
1726012800,2024-09-11 00:00:00,ETH/BTC,0.041399,0.041426,0.040556,0.040824,119.233191,4.867608
1725926400,2024-09-10 00:00:00,ETH/BTC,0.041388,0.041430,0.040984,0.041427,98.940675,4.098776
1725840000,2024-09-09 00:00:00,ETH/BTC,0.041838,0.042124,0.040853,0.041343,119.823221,4.953885
1725753600,2024-09-08 00:00:00,ETH/BTC,0.041955,0.042276,0.041782,0.041906,60.423868,2.532104
1725667200,2024-09-07 00:00:00,ETH/BTC,0.041331,0.042239,0.041331,0.041956,43.579119,1.828410
1725580800,2024-09-06 00:00:00,ETH/BTC,0.042184,0.042565,0.040883,0.041259,326.204201,13.458905
1725494400,2024-09-05 00:00:00,ETH/BTC,0.042260,0.042428,0.041847,0.042241,109.053154,4.606519
1725408000,2024-09-04 00:00:00,ETH/BTC,0.042217,0.042719,0.041291,0.042388,84.123855,3.565858
1725321600,2024-09-03 00:00:00,ETH/BTC,0.042853,0.042873,0.042045,0.042254,110.418074,4.665632
1725235200,2024-09-02 00:00:00,ETH/BTC,0.042345,0.043401,0.042340,0.042965,189.181049,8.128232
1725148800,2024-09-01 00:00:00,ETH/BTC,0.042603,0.042904,0.041891,0.042367,177.218709,7.508253
1725062400,2024-08-31 00:00:00,ETH/BTC,0.042717,0.042763,0.042388,0.042635,25.469730,1.085909
1724976000,2024-08-30 00:00:00,ETH/BTC,0.042573,0.042881,0.042010,0.042706,266.420526,11.377832
1724889600,2024-08-29 00:00:00,ETH/BTC,0.042851,0.042881,0.042234,0.042577,365.912598,15.579549
1724803200,2024-08-28 00:00:00,ETH/BTC,0.041357,0.042953,0.041073,0.042820,328.796734,14.079076
1724716800,2024-08-27 00:00:00,ETH/BTC,0.042667,0.042757,0.040329,0.041273,674.058238,27.820419
1724630400,2024-08-26 00:00:00,ETH/BTC,0.042832,0.042987,0.042256,0.042658,101.592742,4.333778
1724544000,2024-08-25 00:00:00,ETH/BTC,0.043149,0.043303,0.042667,0.042750,528.893175,22.610405
1724457600,2024-08-24 00:00:00,ETH/BTC,0.043141,0.043809,0.042883,0.043198,263.908843,11.400205
1724371200,2024-08-23 00:00:00,ETH/BTC,0.043434,0.044028,0.042888,0.043128,212.615610,9.169724
1724284800,2024-08-22 00:00:00,ETH/BTC,0.042990,0.043451,0.042958,0.043426,110.213650,4.786145
1724198400,2024-08-21 00:00:00,ETH/BTC,0.043563,0.043839,0.042923,0.043036,491.643781,21.158323
1724112000,2024-08-20 00:00:00,ETH/BTC,0.044321,0.044321,0.043300,0.043588,136.336735,5.942703
1724025600,2024-08-19 00:00:00,ETH/BTC,0.044752,0.045066,0.043999,0.044286,209.906685,9.295927
1723939200,2024-08-18 00:00:00,ETH/BTC,0.043939,0.044746,0.043685,0.044720,86.847570,3.883823
1723852800,2024-08-17 00:00:00,ETH/BTC,0.044001,0.044043,0.043815,0.043968,126.372857,5.556363
1723766400,2024-08-16 00:00:00,ETH/BTC,0.044674,0.044886,0.043837,0.044026,111.844620,4.924092
1723680000,2024-08-15 00:00:00,ETH/BTC,0.045295,0.045540,0.043950,0.044654,240.306553,10.730699
1723593600,2024-08-14 00:00:00,ETH/BTC,0.044607,0.045355,0.044434,0.045355,201.792527,9.152316
1723507200,2024-08-13 00:00:00,ETH/BTC,0.045818,0.045818,0.044153,0.044641,201.187329,8.981258
1723420800,2024-08-12 00:00:00,ETH/BTC,0.043631,0.046067,0.042994,0.045980,255.678242,11.756011
1723334400,2024-08-11 00:00:00,ETH/BTC,0.042804,0.044072,0.042798,0.043485,91.332379,3.971601
1723248000,2024-08-10 00:00:00,ETH/BTC,0.042678,0.043433,0.042607,0.042829,43.607650,1.867657
1723161600,2024-08-09 00:00:00,ETH/BTC,0.043470,0.044222,0.042611,0.042700,178.056540,7.602945
1723075200,2024-08-08 00:00:00,ETH/BTC,0.042470,0.043695,0.042021,0.043511,415.847245,18.093763
1722988800,2024-08-07 00:00:00,ETH/BTC,0.043926,0.044381,0.042256,0.042432,426.536529,18.098610
1722902400,2024-08-06 00:00:00,ETH/BTC,0.044717,0.045474,0.043731,0.043901,239.208377,10.501480
1722816000,2024-08-05 00:00:00,ETH/BTC,0.046263,0.046308,0.039892,0.044752,1521.113699,68.073078
1722729600,2024-08-04 00:00:00,ETH/BTC,0.047835,0.048175,0.045943,0.046260,186.265689,8.616651
1722643200,2024-08-03 00:00:00,ETH/BTC,0.048582,0.048702,0.047736,0.047847,110.192498,5.272383
1722556800,2024-08-02 00:00:00,ETH/BTC,0.048979,0.049310,0.047700,0.048597,194.935450,9.473229
1722470400,2024-08-01 00:00:00,ETH/BTC,0.050020,0.050095,0.048755,0.049001,238.374774,11.680571
1722384000,2024-07-31 00:00:00,ETH/BTC,0.049545,0.050273,0.049407,0.050001,115.572524,5.778723
1722297600,2024-07-30 00:00:00,ETH/BTC,0.049693,0.050358,0.049386,0.049449,576.300025,28.497713
1722211200,2024-07-29 00:00:00,ETH/BTC,0.047934,0.049858,0.047687,0.049673,403.908564,20.063273
1722124800,2024-07-28 00:00:00,ETH/BTC,0.047910,0.048507,0.047656,0.047960,73.451133,3.522741
1722038400,2024-07-27 00:00:00,ETH/BTC,0.048165,0.048184,0.047315,0.047811,370.407166,17.709463
1721952000,2024-07-26 00:00:00,ETH/BTC,0.048220,0.048830,0.047811,0.048275,357.891436,17.277263
1721865600,2024-07-25 00:00:00,ETH/BTC,0.050986,0.051012,0.047912,0.048243,353.385260,17.048482
1721779200,2024-07-24 00:00:00,ETH/BTC,0.052799,0.052799,0.050275,0.051036,205.817480,10.504183
1721692800,2024-07-23 00:00:00,ETH/BTC,0.050963,0.053049,0.050963,0.052852,185.943083,9.827393
1721606400,2024-07-22 00:00:00,ETH/BTC,0.051872,0.052080,0.050880,0.050920,228.617460,11.641201
1721520000,2024-07-21 00:00:00,ETH/BTC,0.052424,0.052424,0.051560,0.051890,151.469716,7.859708
1721433600,2024-07-20 00:00:00,ETH/BTC,0.052554,0.052650,0.052061,0.052401,70.118121,3.674248
1721347200,2024-07-19 00:00:00,ETH/BTC,0.053547,0.053626,0.052196,0.052561,122.060563,6.415585
1721260800,2024-07-18 00:00:00,ETH/BTC,0.052892,0.053785,0.052828,0.053553,144.098865,7.716876
1721174400,2024-07-17 00:00:00,ETH/BTC,0.052962,0.053506,0.052737,0.052840,60.643582,3.204407
1721088000,2024-07-16 00:00:00,ETH/BTC,0.053904,0.054039,0.052856,0.052869,94.447317,4.993361
1721001600,2024-07-15 00:00:00,ETH/BTC,0.053293,0.054372,0.053042,0.053810,185.459409,9.979571
1720915200,2024-07-14 00:00:00,ETH/BTC,0.053553,0.053553,0.052991,0.053340,68.311136,3.643716
1720828800,2024-07-13 00:00:00,ETH/BTC,0.054158,0.054267,0.053516,0.053516,70.368583,3.765831
1720742400,2024-07-12 00:00:00,ETH/BTC,0.054076,0.054321,0.053550,0.054170,86.255159,4.672449
1720656000,2024-07-11 00:00:00,ETH/BTC,0.053802,0.054524,0.053380,0.054028,144.830018,7.824837
1720569600,2024-07-10 00:00:00,ETH/BTC,0.052870,0.054401,0.052450,0.053685,143.008429,7.677408
1720483200,2024-07-09 00:00:00,ETH/BTC,0.053447,0.053785,0.052771,0.052827,101.313804,5.352147
1720396800,2024-07-08 00:00:00,ETH/BTC,0.052511,0.053515,0.051866,0.053224,235.415074,12.529758
1720310400,2024-07-07 00:00:00,ETH/BTC,0.052657,0.052717,0.052010,0.052465,98.146996,5.149302
1720224000,2024-07-06 00:00:00,ETH/BTC,0.052630,0.055200,0.052602,0.052643,127.864154,6.731183
1720137600,2024-07-05 00:00:00,ETH/BTC,0.053663,0.054166,0.052128,0.052623,479.117085,25.212569
1720051200,2024-07-04 00:00:00,ETH/BTC,0.054771,0.055028,0.053465,0.053694,276.793741,14.862072
1719964800,2024-07-03 00:00:00,ETH/BTC,0.055070,0.055291,0.054452,0.054715,133.907108,7.326682
1719878400,2024-07-02 00:00:00,ETH/BTC,0.054704,0.055250,0.054688,0.055109,307.601146,16.951499
1719792000,2024-07-01 00:00:00,ETH/BTC,0.054775,0.055417,0.054526,0.054738,96.336788,5.273278
1719705600,2024-06-30 00:00:00,ETH/BTC,0.055421,0.055486,0.054750,0.054769,120.929617,6.623177
1719619200,2024-06-29 00:00:00,ETH/BTC,0.055931,0.055982,0.055367,0.055390,170.974980,9.470277
1719532800,2024-06-28 00:00:00,ETH/BTC,0.055970,0.056305,0.055608,0.055962,317.564246,17.771448
1719446400,2024-06-27 00:00:00,ETH/BTC,0.055368,0.056171,0.055276,0.055920,946.274312,52.915811
1719360000,2024-06-26 00:00:00,ETH/BTC,0.054914,0.055933,0.054572,0.055401,92.903330,5.146900
1719273600,2024-06-25 00:00:00,ETH/BTC,0.055610,0.055685,0.054831,0.054967,119.761205,6.582894
1719187200,2024-06-24 00:00:00,ETH/BTC,0.054135,0.056000,0.053127,0.055630,354.913014,19.743811
1719100800,2024-06-23 00:00:00,ETH/BTC,0.054393,0.054676,0.053617,0.054114,63.167374,3.418243
1719014400,2024-06-22 00:00:00,ETH/BTC,0.054829,0.054829,0.054048,0.054380,30.109065,1.637343
1718928000,2024-06-21 00:00:00,ETH/BTC,0.054158,0.055061,0.053905,0.054875,74.970265,4.114030
1718841600,2024-06-20 00:00:00,ETH/BTC,0.054786,0.054942,0.053970,0.054154,108.017419,5.849609
1718755200,2024-06-19 00:00:00,ETH/BTC,0.053445,0.054969,0.053418,0.054782,122.167217,6.692544
1718668800,2024-06-18 00:00:00,ETH/BTC,0.052787,0.053496,0.051849,0.053457,402.670723,21.525404
1718582400,2024-06-17 00:00:00,ETH/BTC,0.054303,0.054473,0.052730,0.052788,228.241925,12.048494
1718496000,2024-06-16 00:00:00,ETH/BTC,0.053893,0.054714,0.053431,0.054333,141.924838,7.711245
1718409600,2024-06-15 00:00:00,ETH/BTC,0.052792,0.054084,0.052600,0.053893,148.583401,8.007665
1718323200,2024-06-14 00:00:00,ETH/BTC,0.051956,0.052973,0.051600,0.052698,305.323039,16.089791
1718236800,2024-06-13 00:00:00,ETH/BTC,0.052156,0.052296,0.051500,0.051930,135.064743,7.013912
1718150400,2024-06-12 00:00:00,ETH/BTC,0.051977,0.052567,0.051732,0.052154,295.283930,15.400235
1718064000,2024-06-11 00:00:00,ETH/BTC,0.052745,0.052871,0.051773,0.051924,271.373975,14.090817
1717977600,2024-06-10 00:00:00,ETH/BTC,0.053205,0.053231,0.052636,0.052757,69.317049,3.656971
1717891200,2024-06-09 00:00:00,ETH/BTC,0.053094,0.053318,0.050900,0.053214,208.170132,11.077545
1717804800,2024-06-08 00:00:00,ETH/BTC,0.053025,0.053341,0.052941,0.053105,25.331243,1.345228
1717718400,2024-06-07 00:00:00,ETH/BTC,0.053822,0.053822,0.052078,0.053065,338.868447,17.982203
1717632000,2024-06-06 00:00:00,ETH/BTC,0.054307,0.054455,0.053600,0.053866,90.519958,4.875955
1717545600,2024-06-05 00:00:00,ETH/BTC,0.054070,0.054522,0.053167,0.054388,352.154828,19.153067
1717459200,2024-06-04 00:00:00,ETH/BTC,0.054666,0.054740,0.053803,0.054011,131.458766,7.100244
1717372800,2024-06-03 00:00:00,ETH/BTC,0.055762,0.055795,0.054424,0.054754,120.787720,6.613671
1717286400,2024-06-02 00:00:00,ETH/BTC,0.056320,0.058600,0.055486,0.055747,147.771524,8.237803
1717200000,2024-06-01 00:00:00,ETH/BTC,0.055682,0.056469,0.055590,0.056331,50.328983,2.835066
1717113600,2024-05-31 00:00:00,ETH/BTC,0.054838,0.056216,0.054668,0.055740,108.358313,6.039892
1717027200,2024-05-30 00:00:00,ETH/BTC,0.055732,0.055733,0.054579,0.054850,163.429291,8.964113
1716940800,2024-05-29 00:00:00,ETH/BTC,0.056223,0.056443,0.055562,0.055665,114.257819,6.360181
1716854400,2024-05-28 00:00:00,ETH/BTC,0.056040,0.057128,0.055851,0.056210,255.697821,14.372774
1716768000,2024-05-27 00:00:00,ETH/BTC,0.055919,0.057415,0.055714,0.056073,413.285798,23.174059
1716681600,2024-05-26 00:00:00,ETH/BTC,0.054113,0.056305,0.054076,0.055841,128.675629,7.185411
1716595200,2024-05-25 00:00:00,ETH/BTC,0.054264,0.054913,0.053922,0.054138,38.496395,2.084106
1716508800,2024-05-24 00:00:00,ETH/BTC,0.055616,0.056398,0.053550,0.054430,152.831174,8.318527
1716422400,2024-05-23 00:00:00,ETH/BTC,0.054040,0.057082,0.053000,0.055613,1267.631830,70.497392
1716336000,2024-05-22 00:00:00,ETH/BTC,0.054059,0.054470,0.052551,0.054056,632.011617,34.164052
1716249600,2024-05-21 00:00:00,ETH/BTC,0.051323,0.055000,0.051141,0.054042,1936.775090,104.666483
1716163200,2024-05-20 00:00:00,ETH/BTC,0.046342,0.052668,0.045754,0.051307,703.422616,36.090216
1716076800,2024-05-19 00:00:00,ETH/BTC,0.046609,0.046717,0.045901,0.046362,62.910128,2.916609
1715990400,2024-05-18 00:00:00,ETH/BTC,0.046119,0.046781,0.046119,0.046675,36.468513,1.702164
1715904000,2024-05-17 00:00:00,ETH/BTC,0.045129,0.046594,0.044775,0.046145,298.847422,13.790410
1715817600,2024-05-16 00:00:00,ETH/BTC,0.045768,0.045832,0.044750,0.045074,349.165017,15.738414
1715731200,2024-05-15 00:00:00,ETH/BTC,0.046828,0.046986,0.045500,0.045818,480.801124,22.029307
1715644800,2024-05-14 00:00:00,ETH/BTC,0.046882,0.047232,0.046762,0.046805,123.394993,5.775442
1715558400,2024-05-13 00:00:00,ETH/BTC,0.047655,0.047678,0.046781,0.046878,470.888673,22.074432
1715472000,2024-05-12 00:00:00,ETH/BTC,0.047865,0.048133,0.047650,0.047650,172.998414,8.243378
1715385600,2024-05-11 00:00:00,ETH/BTC,0.047864,0.048049,0.047724,0.047851,41.790647,1.999737
1715299200,2024-05-10 00:00:00,ETH/BTC,0.048155,0.048368,0.047698,0.047777,95.813806,4.577652
1715212800,2024-05-09 00:00:00,ETH/BTC,0.048632,0.048862,0.048123,0.048126,354.231105,17.047857
1715126400,2024-05-08 00:00:00,ETH/BTC,0.048300,0.048670,0.047771,0.048611,121.942945,5.927800
1715040000,2024-05-07 00:00:00,ETH/BTC,0.048489,0.048635,0.048087,0.048228,133.374047,6.432365
1714953600,2024-05-06 00:00:00,ETH/BTC,0.049012,0.049580,0.048474,0.048539,146.517921,7.111861
1714867200,2024-05-05 00:00:00,ETH/BTC,0.048755,0.049602,0.048544,0.048988,57.600084,2.821688
1714780800,2024-05-04 00:00:00,ETH/BTC,0.049350,0.049675,0.048759,0.048788,63.507544,3.098434
1714694400,2024-05-03 00:00:00,ETH/BTC,0.050563,0.050770,0.049273,0.049353,134.292042,6.627772
1714608000,2024-05-02 00:00:00,ETH/BTC,0.050934,0.051626,0.050371,0.050566,134.518912,6.802093
1714521600,2024-05-01 00:00:00,ETH/BTC,0.049696,0.051390,0.049420,0.050979,318.659380,16.244793
1714435200,2024-04-30 00:00:00,ETH/BTC,0.050365,0.050365,0.048860,0.049709,182.824894,9.088108
1714348800,2024-04-29 00:00:00,ETH/BTC,0.051698,0.051917,0.050274,0.050392,153.012506,7.710683
1714262400,2024-04-28 00:00:00,ETH/BTC,0.051267,0.052500,0.051138,0.051680,119.254555,6.163073
1714176000,2024-04-27 00:00:00,ETH/BTC,0.049116,0.051624,0.049010,0.051271,255.164921,13.082681
1714089600,2024-04-26 00:00:00,ETH/BTC,0.048925,0.049247,0.048696,0.049086,74.995261,3.681247
1714003200,2024-04-25 00:00:00,ETH/BTC,0.048844,0.049420,0.048520,0.048934,107.137056,5.242663
1713916800,2024-04-24 00:00:00,ETH/BTC,0.048488,0.049352,0.048312,0.048841,209.336148,10.224231
1713830400,2024-04-23 00:00:00,ETH/BTC,0.047983,0.048687,0.047688,0.048493,113.119009,5.485488
1713744000,2024-04-22 00:00:00,ETH/BTC,0.048509,0.048783,0.047831,0.047890,67.537922,3.234391
1713657600,2024-04-21 00:00:00,ETH/BTC,0.048600,0.048926,0.048406,0.048463,68.222078,3.306265
1713571200,2024-04-20 00:00:00,ETH/BTC,0.047898,0.048812,0.047699,0.048593,73.656674,3.579191
1713484800,2024-04-19 00:00:00,ETH/BTC,0.048287,0.048572,0.047575,0.047883,158.144072,7.572337
1713398400,2024-04-18 00:00:00,ETH/BTC,0.048705,0.048963,0.048062,0.048316,256.986149,12.416594
1713312000,2024-04-17 00:00:00,ETH/BTC,0.048365,0.049290,0.048000,0.048724,463.725174,22.594615
1713225600,2024-04-16 00:00:00,ETH/BTC,0.048880,0.049080,0.048280,0.048382,152.742084,7.390015
1713139200,2024-04-15 00:00:00,ETH/BTC,0.048040,0.049317,0.047455,0.048900,294.285722,14.390572
1713052800,2024-04-14 00:00:00,ETH/BTC,0.047033,0.048493,0.046200,0.048028,384.236649,18.453987
1712966400,2024-04-13 00:00:00,ETH/BTC,0.048228,0.048678,0.046331,0.047072,628.867806,29.601946
1712880000,2024-04-12 00:00:00,ETH/BTC,0.050032,0.050250,0.047490,0.048267,850.330478,41.043258
1712793600,2024-04-11 00:00:00,ETH/BTC,0.050205,0.050815,0.049844,0.050028,158.450722,7.927036
1712707200,2024-04-10 00:00:00,ETH/BTC,0.050696,0.051153,0.049988,0.050183,150.562734,7.555646
1712620800,2024-04-09 00:00:00,ETH/BTC,0.051592,0.052042,0.050376,0.050726,277.214945,14.061930
1712534400,2024-04-08 00:00:00,ETH/BTC,0.049822,0.051804,0.049001,0.051578,308.397129,15.906381
1712448000,2024-04-07 00:00:00,ETH/BTC,0.048696,0.049808,0.048413,0.049755,92.205046,4.587701
1712361600,2024-04-06 00:00:00,ETH/BTC,0.048895,0.049262,0.048685,0.048741,81.225580,3.958996
1712275200,2024-04-05 00:00:00,ETH/BTC,0.048579,0.049360,0.048158,0.048898,273.348428,13.366175
1712188800,2024-04-04 00:00:00,ETH/BTC,0.050200,0.050498,0.048605,0.048605,1840.648246,89.465076
1712102400,2024-04-03 00:00:00,ETH/BTC,0.050149,0.050687,0.049598,0.050184,3412.635704,171.260973
1712016000,2024-04-02 00:00:00,ETH/BTC,0.050310,0.050734,0.049510,0.050070,1939.064225,97.088946
1711929600,2024-04-01 00:00:00,ETH/BTC,0.051145,0.051200,0.049910,0.050258,879.441422,44.199125
1711843200,2024-03-31 00:00:00,ETH/BTC,0.050389,0.051623,0.050289,0.051139,88.644210,4.533189
1711756800,2024-03-30 00:00:00,ETH/BTC,0.050235,0.050770,0.049980,0.050358,120.438568,6.065101
1711670400,2024-03-29 00:00:00,ETH/BTC,0.050295,0.050783,0.050135,0.050234,88.734600,4.457493
1711584000,2024-03-28 00:00:00,ETH/BTC,0.050414,0.050850,0.050176,0.050358,221.665899,11.162758
1711497600,2024-03-27 00:00:00,ETH/BTC,0.051241,0.051339,0.050400,0.050402,312.757919,15.763700
1711411200,2024-03-26 00:00:00,ETH/BTC,0.051371,0.051722,0.050974,0.051267,203.077469,10.411160
1711324800,2024-03-25 00:00:00,ETH/BTC,0.051344,0.051796,0.051127,0.051330,253.265937,13.000141
1711238400,2024-03-24 00:00:00,ETH/BTC,0.052041,0.052105,0.051262,0.051386,224.842869,11.553827
1711152000,2024-03-23 00:00:00,ETH/BTC,0.052314,0.052415,0.051798,0.052098,168.971725,8.803055
1711065600,2024-03-22 00:00:00,ETH/BTC,0.053394,0.053432,0.051993,0.052268,294.243864,15.379494
1710979200,2024-03-21 00:00:00,ETH/BTC,0.051830,0.053500,0.051686,0.053290,245.885675,13.103248
1710892800,2024-03-20 00:00:00,ETH/BTC,0.051010,0.052878,0.050210,0.051773,566.658570,29.337586
1710806400,2024-03-19 00:00:00,ETH/BTC,0.052075,0.052321,0.050946,0.051033,738.181432,37.671369
1710720000,2024-03-18 00:00:00,ETH/BTC,0.053270,0.053334,0.051793,0.052078,496.672787,25.865825
1710633600,2024-03-17 00:00:00,ETH/BTC,0.053921,0.054064,0.052788,0.053240,264.978247,14.107386
1710547200,2024-03-16 00:00:00,ETH/BTC,0.053861,0.054219,0.053279,0.053942,353.670490,19.077690
1710460800,2024-03-15 00:00:00,ETH/BTC,0.054348,0.054913,0.053364,0.053828,957.127222,51.519794
1710374400,2024-03-14 00:00:00,ETH/BTC,0.054787,0.054852,0.053871,0.054370,548.683244,29.831870
1710288000,2024-03-13 00:00:00,ETH/BTC,0.055714,0.056178,0.054452,0.054795,596.644497,32.693064
1710201600,2024-03-12 00:00:00,ETH/BTC,0.056430,0.056672,0.055395,0.055659,846.398911,47.109361
1710115200,2024-03-11 00:00:00,ETH/BTC,0.056248,0.058860,0.055486,0.056379,873.094479,49.223783
1710028800,2024-03-10 00:00:00,ETH/BTC,0.057133,0.057316,0.055668,0.056232,322.775305,18.150430
1709942400,2024-03-09 00:00:00,ETH/BTC,0.057022,0.057612,0.056899,0.057171,61.627446,3.523279
1709856000,2024-03-08 00:00:00,ETH/BTC,0.057910,0.058936,0.056800,0.056978,667.642799,38.041058
1709769600,2024-03-07 00:00:00,ETH/BTC,0.057875,0.058199,0.056519,0.057900,638.394687,36.962771
1709683200,2024-03-06 00:00:00,ETH/BTC,0.055765,0.058219,0.055630,0.057764,1077.050444,62.214516
1709596800,2024-03-05 00:00:00,ETH/BTC,0.053161,0.057111,0.052890,0.055761,3270.591602,182.369888
1709510400,2024-03-04 00:00:00,ETH/BTC,0.055280,0.055373,0.052942,0.053161,1190.897139,63.309795
1709424000,2024-03-03 00:00:00,ETH/BTC,0.055223,0.055546,0.054537,0.055280,277.507865,15.340499
1709337600,2024-03-02 00:00:00,ETH/BTC,0.055039,0.055544,0.054999,0.055170,154.984432,8.550493
1709251200,2024-03-01 00:00:00,ETH/BTC,0.054634,0.055390,0.054598,0.055049,466.177423,25.662787
1709164800,2024-02-29 00:00:00,ETH/BTC,0.054197,0.056400,0.054147,0.054624,623.543237,34.060644
1709078400,2024-02-28 00:00:00,ETH/BTC,0.056848,0.057241,0.053300,0.054190,2557.040278,138.566013
1708992000,2024-02-27 00:00:00,ETH/BTC,0.058239,0.058268,0.056625,0.056848,1349.471074,76.715109
1708905600,2024-02-26 00:00:00,ETH/BTC,0.060180,0.060610,0.058057,0.058289,959.933501,55.953631
1708819200,2024-02-25 00:00:00,ETH/BTC,0.058028,0.060175,0.057992,0.060148,964.108021,57.988909
1708732800,2024-02-24 00:00:00,ETH/BTC,0.057627,0.058270,0.057393,0.057998,410.894129,23.831153
1708646400,2024-02-23 00:00:00,ETH/BTC,0.057946,0.058187,0.057234,0.057578,910.538150,52.426574
1708560000,2024-02-22 00:00:00,ETH/BTC,0.057225,0.058304,0.056759,0.057927,974.357393,56.441601
1708473600,2024-02-21 00:00:00,ETH/BTC,0.057670,0.057882,0.056504,0.057295,840.195113,48.139349
1708387200,2024-02-20 00:00:00,ETH/BTC,0.056918,0.057759,0.055744,0.057620,476.344179,27.446952
1708300800,2024-02-19 00:00:00,ETH/BTC,0.055271,0.057300,0.054950,0.056811,697.911362,39.648847
1708214400,2024-02-18 00:00:00,ETH/BTC,0.053947,0.055320,0.053897,0.055250,569.173758,31.446850
1708128000,2024-02-17 00:00:00,ETH/BTC,0.053712,0.054115,0.053564,0.053926,95.046610,5.125530
1708041600,2024-02-16 00:00:00,ETH/BTC,0.054389,0.054982,0.053194,0.053776,577.120184,31.035457
1707955200,2024-02-15 00:00:00,ETH/BTC,0.053581,0.054913,0.053249,0.054385,847.230552,46.076227
1707868800,2024-02-14 00:00:00,ETH/BTC,0.053121,0.053810,0.052991,0.053610,345.263119,18.509556
1707782400,2024-02-13 00:00:00,ETH/BTC,0.053277,0.054142,0.052865,0.053112,668.607153,35.510943
1707696000,2024-02-12 00:00:00,ETH/BTC,0.051918,0.053272,0.051142,0.053272,383.101568,20.408587
1707609600,2024-02-11 00:00:00,ETH/BTC,0.052360,0.052663,0.051858,0.051930,197.219398,10.241578
1707523200,2024-02-10 00:00:00,ETH/BTC,0.052791,0.053069,0.052128,0.052360,413.343653,21.642500
1707436800,2024-02-09 00:00:00,ETH/BTC,0.053390,0.053505,0.052228,0.052754,1253.120589,66.107487
1707350400,2024-02-08 00:00:00,ETH/BTC,0.054673,0.054737,0.053309,0.053413,613.216600,32.753530
1707264000,2024-02-07 00:00:00,ETH/BTC,0.055118,0.055897,0.054684,0.054691,193.298996,10.571733
1707177600,2024-02-06 00:00:00,ETH/BTC,0.053904,0.055386,0.053840,0.055061,314.585290,17.321305
1707091200,2024-02-05 00:00:00,ETH/BTC,0.053744,0.054135,0.053559,0.053907,110.225153,5.941868
1707004800,2024-02-04 00:00:00,ETH/BTC,0.053411,0.053886,0.053245,0.053774,105.029402,5.647842
1706918400,2024-02-03 00:00:00,ETH/BTC,0.053460,0.053864,0.053347,0.053401,117.165516,6.256751
1706832000,2024-02-02 00:00:00,ETH/BTC,0.053435,0.053795,0.053290,0.053461,167.107728,8.933781
1706745600,2024-02-01 00:00:00,ETH/BTC,0.053617,0.054140,0.053305,0.053473,143.902047,7.694815
1706659200,2024-01-31 00:00:00,ETH/BTC,0.054557,0.054622,0.053483,0.053599,174.702062,9.363809
1706572800,2024-01-30 00:00:00,ETH/BTC,0.053528,0.054871,0.053093,0.054565,394.705489,21.537105
1706486400,2024-01-29 00:00:00,ETH/BTC,0.053690,0.055000,0.053067,0.053533,346.035707,18.524260
1706400000,2024-01-28 00:00:00,ETH/BTC,0.053761,0.054191,0.053550,0.053713,171.941471,9.235492
1706313600,2024-01-27 00:00:00,ETH/BTC,0.054236,0.054607,0.053703,0.053856,115.272152,6.208109
1706227200,2024-01-26 00:00:00,ETH/BTC,0.055521,0.055729,0.053583,0.054216,283.352753,15.362344
1706140800,2024-01-25 00:00:00,ETH/BTC,0.055760,0.055943,0.054873,0.055526,236.364422,13.124314
1706054400,2024-01-24 00:00:00,ETH/BTC,0.056214,0.056236,0.055500,0.055737,345.355605,19.248916
1705968000,2024-01-23 00:00:00,ETH/BTC,0.058517,0.058705,0.055725,0.056316,309.022374,17.402984
1705881600,2024-01-22 00:00:00,ETH/BTC,0.059088,0.059259,0.058058,0.058526,284.151124,16.630220
1705795200,2024-01-21 00:00:00,ETH/BTC,0.059281,0.059456,0.059019,0.059056,24.195068,1.428860
1705708800,2024-01-20 00:00:00,ETH/BTC,0.059810,0.059825,0.059050,0.059240,83.275506,4.933241
1705622400,2024-01-19 00:00:00,ETH/BTC,0.059779,0.060533,0.059286,0.059830,485.872024,29.069723
1705536000,2024-01-18 00:00:00,ETH/BTC,0.059135,0.060020,0.058996,0.059810,262.415445,15.695068
1705449600,2024-01-17 00:00:00,ETH/BTC,0.059941,0.060090,0.059050,0.059150,174.291030,10.309314
1705363200,2024-01-16 00:00:00,ETH/BTC,0.059065,0.061000,0.058789,0.059970,284.700052,17.073462
1705276800,2024-01-15 00:00:00,ETH/BTC,0.059294,0.059856,0.058750,0.059078,358.557417,21.182816
1705190400,2024-01-14 00:00:00,ETH/BTC,0.060044,0.060098,0.058516,0.059176,278.142986,16.459314
1705104000,2024-01-13 00:00:00,ETH/BTC,0.058982,0.060400,0.058678,0.060155,568.241487,34.182720
1705017600,2024-01-12 00:00:00,ETH/BTC,0.056578,0.061171,0.056150,0.058950,1003.673912,59.166577
1704931200,2024-01-11 00:00:00,ETH/BTC,0.055395,0.056650,0.054281,0.056477,976.438131,55.145916
1704844800,2024-01-10 00:00:00,ETH/BTC,0.050873,0.055623,0.050850,0.055359,1942.809740,107.552063
1704758400,2024-01-09 00:00:00,ETH/BTC,0.049622,0.051892,0.047895,0.050818,796.062699,40.454418
1704672000,2024-01-08 00:00:00,ETH/BTC,0.050562,0.050729,0.049554,0.049670,519.155140,25.786420
1704585600,2024-01-07 00:00:00,ETH/BTC,0.050969,0.051180,0.050400,0.050601,226.313262,11.451630
1704499200,2024-01-06 00:00:00,ETH/BTC,0.051408,0.051408,0.050969,0.050969,79.086136,4.030933
1704412800,2024-01-05 00:00:00,ETH/BTC,0.051344,0.052194,0.050971,0.051393,382.389489,19.652258
1704326400,2024-01-04 00:00:00,ETH/BTC,0.051556,0.052071,0.051042,0.051399,304.010889,15.625871
1704240000,2024-01-03 00:00:00,ETH/BTC,0.052388,0.053379,0.050500,0.051599,933.842249,48.185438
1704153600,2024-01-02 00:00:00,ETH/BTC,0.053256,0.053277,0.051994,0.052390,478.404293,25.063596
1704067200,2024-01-01 00:00:00,ETH/BTC,0.053961,0.054196,0.053110,0.053279,118.605085,6.319131
1703980800,2023-12-31 00:00:00,ETH/BTC,0.054360,0.054461,0.053550,0.054002,135.527803,7.318804
1703894400,2023-12-30 00:00:00,ETH/BTC,0.054617,0.054833,0.054100,0.054338,153.776690,8.355907
1703808000,2023-12-29 00:00:00,ETH/BTC,0.055040,0.055536,0.054362,0.054668,404.981360,22.139359
1703721600,2023-12-28 00:00:00,ETH/BTC,0.054788,0.056171,0.054780,0.055015,587.562788,32.324878
1703635200,2023-12-27 00:00:00,ETH/BTC,0.052497,0.055122,0.052345,0.054718,762.049526,41.697704
1703548800,2023-12-26 00:00:00,ETH/BTC,0.052124,0.052662,0.052008,0.052510,173.354096,9.102824
1703462400,2023-12-25 00:00:00,ETH/BTC,0.052669,0.052906,0.052083,0.052083,87.846978,4.575307
1703376000,2023-12-24 00:00:00,ETH/BTC,0.052831,0.053000,0.052279,0.052652,203.811374,10.731111
1703289600,2023-12-23 00:00:00,ETH/BTC,0.052947,0.052951,0.052156,0.052796,479.210806,25.300404
1703203200,2023-12-22 00:00:00,ETH/BTC,0.051097,0.053647,0.050830,0.052877,1128.594188,59.676404
1703116800,2023-12-21 00:00:00,ETH/BTC,0.050396,0.051665,0.050282,0.051030,321.967132,16.429838
1703030400,2023-12-20 00:00:00,ETH/BTC,0.051513,0.051872,0.049884,0.050423,532.050432,26.827834
1702944000,2023-12-19 00:00:00,ETH/BTC,0.052031,0.052365,0.051066,0.051525,353.756120,18.227369
1702857600,2023-12-18 00:00:00,ETH/BTC,0.053082,0.053269,0.051900,0.052030,352.225504,18.326293
1702771200,2023-12-17 00:00:00,ETH/BTC,0.052735,0.053415,0.052668,0.053083,169.427137,8.993762
1702684800,2023-12-16 00:00:00,ETH/BTC,0.052949,0.053356,0.052603,0.052736,134.491632,7.092615
1702598400,2023-12-15 00:00:00,ETH/BTC,0.053825,0.053834,0.052452,0.052918,574.850444,30.419723
1702512000,2023-12-14 00:00:00,ETH/BTC,0.052699,0.054028,0.052570,0.053848,513.685288,27.661033
1702425600,2023-12-13 00:00:00,ETH/BTC,0.053118,0.053257,0.052429,0.052705,227.206787,11.974893
1702339200,2023-12-12 00:00:00,ETH/BTC,0.053960,0.054010,0.052796,0.053129,430.074660,22.849570
1702252800,2023-12-11 00:00:00,ETH/BTC,0.053738,0.054330,0.052199,0.053960,853.168000,46.036945
1702166400,2023-12-10 00:00:00,ETH/BTC,0.053577,0.054052,0.053300,0.053723,189.910711,10.202548
1702080000,2023-12-09 00:00:00,ETH/BTC,0.053379,0.054397,0.053236,0.053564,253.527273,13.579892
1701993600,2023-12-08 00:00:00,ETH/BTC,0.054347,0.054934,0.053137,0.053395,287.288288,15.339755
1701907200,2023-12-07 00:00:00,ETH/BTC,0.051020,0.054849,0.051004,0.054443,641.310730,34.915072
1701820800,2023-12-06 00:00:00,ETH/BTC,0.052050,0.052435,0.050900,0.051000,763.812672,38.954446
1701734400,2023-12-05 00:00:00,ETH/BTC,0.053459,0.053742,0.051383,0.052046,582.080550,30.295081
1701648000,2023-12-04 00:00:00,ETH/BTC,0.054845,0.054987,0.052965,0.053418,390.164418,20.841858
1701561600,2023-12-03 00:00:00,ETH/BTC,0.054863,0.055481,0.054274,0.054870,230.838686,12.666119
1701475200,2023-12-02 00:00:00,ETH/BTC,0.053948,0.055532,0.053941,0.054860,649.620577,35.638185
1701388800,2023-12-01 00:00:00,ETH/BTC,0.054415,0.055124,0.053806,0.053962,630.121738,34.002869
1701302400,2023-11-30 00:00:00,ETH/BTC,0.053589,0.054448,0.053545,0.054406,157.590903,8.573917
1701216000,2023-11-29 00:00:00,ETH/BTC,0.054170,0.054199,0.053589,0.053604,122.427758,6.562643
1701129600,2023-11-28 00:00:00,ETH/BTC,0.054446,0.054626,0.053900,0.054193,123.288175,6.681354
1701043200,2023-11-27 00:00:00,ETH/BTC,0.055069,0.055163,0.053967,0.054430,141.075056,7.678766
1700956800,2023-11-26 00:00:00,ETH/BTC,0.055107,0.055572,0.054684,0.055088,79.526100,4.380899
1700870400,2023-11-25 00:00:00,ETH/BTC,0.055187,0.055313,0.054932,0.055165,12.559438,0.692840
1700784000,2023-11-24 00:00:00,ETH/BTC,0.055279,0.056125,0.054768,0.055163,413.478495,22.808582
1700697600,2023-11-23 00:00:00,ETH/BTC,0.055076,0.055559,0.054873,0.055313,108.279375,5.989256
1700611200,2023-11-22 00:00:00,ETH/BTC,0.054147,0.056123,0.054060,0.055249,772.403819,42.674670
1700524800,2023-11-21 00:00:00,ETH/BTC,0.053960,0.054405,0.053210,0.054080,313.115961,16.933311
1700438400,2023-11-20 00:00:00,ETH/BTC,0.053785,0.054818,0.053704,0.053990,278.496139,15.036007
1700352000,2023-11-19 00:00:00,ETH/BTC,0.053652,0.054116,0.053398,0.053835,118.785685,6.394874
1700265600,2023-11-18 00:00:00,ETH/BTC,0.053549,0.053769,0.053003,0.053644,91.376140,4.901815
1700179200,2023-11-17 00:00:00,ETH/BTC,0.054259,0.054595,0.052555,0.053614,368.294481,19.745888
1700092800,2023-11-16 00:00:00,ETH/BTC,0.054345,0.055761,0.054116,0.054220,324.178381,17.576952
1700006400,2023-11-15 00:00:00,ETH/BTC,0.055700,0.055893,0.054210,0.054345,453.278062,24.633532
1699920000,2023-11-14 00:00:00,ETH/BTC,0.056334,0.056533,0.055228,0.055710,259.427355,14.452698
1699833600,2023-11-13 00:00:00,ETH/BTC,0.055136,0.057329,0.055078,0.056291,263.377801,14.825839
1699747200,2023-11-12 00:00:00,ETH/BTC,0.055318,0.055532,0.054789,0.055196,59.469757,3.282499
1699660800,2023-11-11 00:00:00,ETH/BTC,0.055656,0.056216,0.054789,0.055271,117.448153,6.491449
1699574400,2023-11-10 00:00:00,ETH/BTC,0.057790,0.058500,0.055608,0.055666,465.332245,25.903129
1699488000,2023-11-09 00:00:00,ETH/BTC,0.053045,0.057956,0.051245,0.057754,1252.009405,72.308451
1699401600,2023-11-08 00:00:00,ETH/BTC,0.053270,0.053767,0.052589,0.053005,261.828929,13.878237
1699315200,2023-11-07 00:00:00,ETH/BTC,0.054223,0.054311,0.053110,0.053277,198.520040,10.576489
1699228800,2023-11-06 00:00:00,ETH/BTC,0.054045,0.054405,0.053738,0.054243,279.845031,15.179581
1699142400,2023-11-05 00:00:00,ETH/BTC,0.052926,0.054311,0.052838,0.054005,476.797577,25.749534
1699056000,2023-11-04 00:00:00,ETH/BTC,0.052819,0.053080,0.051206,0.052980,457.531689,24.240029
1698969600,2023-11-03 00:00:00,ETH/BTC,0.051536,0.052900,0.051536,0.052762,628.029626,33.135936
1698883200,2023-11-02 00:00:00,ETH/BTC,0.052067,0.052425,0.051530,0.051554,377.653215,19.469572
1698796800,2023-11-01 00:00:00,ETH/BTC,0.052397,0.053440,0.051900,0.052089,893.315279,46.531462
1698710400,2023-10-31 00:00:00,ETH/BTC,0.052443,0.052601,0.052176,0.052311,565.705717,29.592739
1698624000,2023-10-30 00:00:00,ETH/BTC,0.051927,0.052989,0.050244,0.052419,707.578915,37.090784
1698537600,2023-10-29 00:00:00,ETH/BTC,0.052153,0.052373,0.051722,0.051952,74.405804,3.865545
1698451200,2023-10-28 00:00:00,ETH/BTC,0.052500,0.052616,0.051601,0.052100,117.138199,6.102900
1698364800,2023-10-27 00:00:00,ETH/BTC,0.052797,0.052827,0.052176,0.052477,622.341545,32.658804
1698278400,2023-10-26 00:00:00,ETH/BTC,0.051826,0.053699,0.051544,0.052823,787.279790,41.586087
1698192000,2023-10-25 00:00:00,ETH/BTC,0.052580,0.052760,0.051396,0.051806,297.731843,15.424171
1698105600,2023-10-24 00:00:00,ETH/BTC,0.053360,0.053540,0.051831,0.052710,1210.293289,63.794559
1698019200,2023-10-23 00:00:00,ETH/BTC,0.055575,0.055650,0.050880,0.053414,922.865565,49.294218
1697932800,2023-10-22 00:00:00,ETH/BTC,0.054437,0.055544,0.054379,0.055449,137.364878,7.616740
1697846400,2023-10-21 00:00:00,ETH/BTC,0.054102,0.054480,0.053830,0.054480,62.316177,3.394985
1697760000,2023-10-20 00:00:00,ETH/BTC,0.054550,0.054816,0.053900,0.054071,66.732290,3.608270
1697673600,2023-10-19 00:00:00,ETH/BTC,0.055179,0.055200,0.054295,0.054656,225.756993,12.339065
1697587200,2023-10-18 00:00:00,ETH/BTC,0.055092,0.055805,0.054566,0.055191,89.309125,4.929079
1697500800,2023-10-17 00:00:00,ETH/BTC,0.056131,0.056410,0.054540,0.055078,266.499230,14.678327
1697414400,2023-10-16 00:00:00,ETH/BTC,0.057383,0.057470,0.054358,0.056125,549.536335,30.842468
1697328000,2023-10-15 00:00:00,ETH/BTC,0.057970,0.057979,0.057281,0.057362,29.817000,1.710365
1697241600,2023-10-14 00:00:00,ETH/BTC,0.057799,0.058077,0.057545,0.057874,27.296339,1.579740
1697155200,2023-10-13 00:00:00,ETH/BTC,0.057483,0.058079,0.057413,0.057791,83.646851,4.833993
1697068800,2023-10-12 00:00:00,ETH/BTC,0.058281,0.058320,0.057225,0.057520,345.626039,19.880410
1696982400,2023-10-11 00:00:00,ETH/BTC,0.057222,0.058600,0.057210,0.058303,233.939722,13.639409
1696896000,2023-10-10 00:00:00,ETH/BTC,0.057210,0.057563,0.056716,0.057205,140.469754,8.035610
1696809600,2023-10-09 00:00:00,ETH/BTC,0.058505,0.058538,0.056777,0.057259,95.465492,5.466278
1696723200,2023-10-08 00:00:00,ETH/BTC,0.058465,0.058686,0.058104,0.058442,36.559621,2.136622
1696636800,2023-10-07 00:00:00,ETH/BTC,0.058852,0.059028,0.058408,0.058408,8.336395,0.486909
1696550400,2023-10-06 00:00:00,ETH/BTC,0.058857,0.059331,0.058658,0.058873,85.610869,5.040163
1696464000,2023-10-05 00:00:00,ETH/BTC,0.059290,0.059440,0.058516,0.058837,76.909797,4.525129
1696377600,2023-10-04 00:00:00,ETH/BTC,0.060451,0.060451,0.059280,0.059280,75.317113,4.464835
1696291200,2023-10-03 00:00:00,ETH/BTC,0.060443,0.060641,0.059984,0.060371,100.158819,6.046658
1696204800,2023-10-02 00:00:00,ETH/BTC,0.061956,0.061956,0.059150,0.060434,167.890794,10.146238
1696118400,2023-10-01 00:00:00,ETH/BTC,0.061991,0.062500,0.061476,0.061923,75.202783,4.656801
1696032000,2023-09-30 00:00:00,ETH/BTC,0.061958,0.062500,0.061829,0.061903,163.522255,10.122454
1695945600,2023-09-29 00:00:00,ETH/BTC,0.061185,0.062244,0.061105,0.061989,216.883688,13.444295
1695859200,2023-09-28 00:00:00,ETH/BTC,0.060624,0.061574,0.060509,0.061170,78.140497,4.779889
1695772800,2023-09-27 00:00:00,ETH/BTC,0.060802,0.061229,0.060593,0.060600,49.809196,3.018437
1695686400,2023-09-26 00:00:00,ETH/BTC,0.060422,0.060808,0.060364,0.060765,8.151079,0.495301
1695600000,2023-09-25 00:00:00,ETH/BTC,0.060236,0.060604,0.060111,0.060378,53.659866,3.239875
1695513600,2023-09-24 00:00:00,ETH/BTC,0.059935,0.060226,0.059657,0.060207,23.811669,1.433637
1695427200,2023-09-23 00:00:00,ETH/BTC,0.059944,0.060070,0.059789,0.059943,46.491313,2.786806
1695340800,2023-09-22 00:00:00,ETH/BTC,0.059615,0.060100,0.059610,0.059916,134.061902,8.032501
1695254400,2023-09-21 00:00:00,ETH/BTC,0.059822,0.060227,0.059388,0.059658,68.232533,4.070640
1695168000,2023-09-20 00:00:00,ETH/BTC,0.060348,0.060498,0.059761,0.059782,33.448458,1.999602
1695081600,2023-09-19 00:00:00,ETH/BTC,0.061151,0.061189,0.060264,0.060409,1069.880792,64.630258
1694995200,2023-09-18 00:00:00,ETH/BTC,0.061213,0.061323,0.060659,0.061184,174.284624,10.663350
1694908800,2023-09-17 00:00:00,ETH/BTC,0.061503,0.061515,0.061047,0.061160,56.733582,3.469826
1694822400,2023-09-16 00:00:00,ETH/BTC,0.061719,0.061804,0.061511,0.061577,81.123811,4.995345
1694736000,2023-09-15 00:00:00,ETH/BTC,0.061338,0.061793,0.061158,0.061584,67.728772,4.170985
1694649600,2023-09-14 00:00:00,ETH/BTC,0.061310,0.061970,0.061000,0.061312,72.710211,4.458000
1694563200,2023-09-13 00:00:00,ETH/BTC,0.061636,0.061682,0.061011,0.061310,262.208459,16.076001
1694476800,2023-09-12 00:00:00,ETH/BTC,0.061661,0.061839,0.061017,0.061650,84.060704,5.182326
1694390400,2023-09-11 00:00:00,ETH/BTC,0.062559,0.062676,0.061351,0.061670,502.174650,30.969111
1694304000,2023-09-10 00:00:00,ETH/BTC,0.063125,0.063125,0.062352,0.062611,80.515531,5.041124
1694217600,2023-09-09 00:00:00,ETH/BTC,0.063163,0.063264,0.063087,0.063157,10.943933,0.691182
1694131200,2023-09-08 00:00:00,ETH/BTC,0.062743,0.063247,0.062582,0.063173,148.178910,9.360954
1694044800,2023-09-07 00:00:00,ETH/BTC,0.063364,0.063585,0.062617,0.062855,67.256595,4.227384
1693958400,2023-09-06 00:00:00,ETH/BTC,0.063340,0.064061,0.063228,0.063379,43.692724,2.769198
1693872000,2023-09-05 00:00:00,ETH/BTC,0.063092,0.063691,0.062874,0.063345,135.409578,8.577581
1693785600,2023-09-04 00:00:00,ETH/BTC,0.062980,0.063200,0.062830,0.063110,279.635978,17.647723
1693699200,2023-09-03 00:00:00,ETH/BTC,0.063307,0.063307,0.062911,0.063000,20.496038,1.291251
1693612800,2023-09-02 00:00:00,ETH/BTC,0.063083,0.063420,0.063083,0.063250,15.807145,0.999794
1693526400,2023-09-01 00:00:00,ETH/BTC,0.063443,0.063518,0.062840,0.063154,78.810947,4.977216
1693440000,2023-08-31 00:00:00,ETH/BTC,0.062460,0.063532,0.062405,0.063470,248.606765,15.779119
1693353600,2023-08-30 00:00:00,ETH/BTC,0.062399,0.062879,0.062282,0.062437,97.577130,6.092398
1693267200,2023-08-29 00:00:00,ETH/BTC,0.063310,0.063515,0.061912,0.062318,668.776527,41.676715
1693180800,2023-08-28 00:00:00,ETH/BTC,0.063567,0.063584,0.062729,0.063307,59.672555,3.777717
1693094400,2023-08-27 00:00:00,ETH/BTC,0.063292,0.063555,0.063233,0.063520,33.086423,2.101650
1693008000,2023-08-26 00:00:00,ETH/BTC,0.063432,0.063484,0.063191,0.063296,18.848042,1.192996
1692921600,2023-08-25 00:00:00,ETH/BTC,0.063452,0.063738,0.063287,0.063484,45.723243,2.902685
1692835200,2023-08-24 00:00:00,ETH/BTC,0.063550,0.063567,0.063000,0.063456,108.597938,6.891207
1692748800,2023-08-23 00:00:00,ETH/BTC,0.062701,0.063844,0.062629,0.063532,351.611001,22.338592
1692662400,2023-08-22 00:00:00,ETH/BTC,0.063828,0.063966,0.062265,0.062733,259.201543,16.260397
1692576000,2023-08-21 00:00:00,ETH/BTC,0.064355,0.064461,0.063787,0.063799,87.150000,5.560058
1692489600,2023-08-20 00:00:00,ETH/BTC,0.063998,0.064461,0.063790,0.064318,89.384500,5.749000
1692403200,2023-08-19 00:00:00,ETH/BTC,0.063777,0.064679,0.063768,0.063944,150.313133,9.611652
1692316800,2023-08-18 00:00:00,ETH/BTC,0.063180,0.064291,0.063172,0.063783,228.951357,14.603298
1692230400,2023-08-17 00:00:00,ETH/BTC,0.062940,0.063756,0.059450,0.063146,1008.952429,63.711350
1692144000,2023-08-16 00:00:00,ETH/BTC,0.062615,0.062932,0.062293,0.062900,47.936791,3.015246
1692057600,2023-08-15 00:00:00,ETH/BTC,0.062732,0.062809,0.062350,0.062640,201.771432,12.639027
1691971200,2023-08-14 00:00:00,ETH/BTC,0.062862,0.063046,0.062493,0.062672,65.256848,4.089790
1691884800,2023-08-13 00:00:00,ETH/BTC,0.062866,0.063169,0.062680,0.062829,28.523596,1.792118
1691798400,2023-08-12 00:00:00,ETH/BTC,0.062836,0.062974,0.062775,0.062865,13.264639,0.833876
1691712000,2023-08-11 00:00:00,ETH/BTC,0.062895,0.062916,0.062676,0.062846,49.071737,3.083985
1691625600,2023-08-10 00:00:00,ETH/BTC,0.062735,0.062951,0.062612,0.062916,32.247555,2.028877
1691539200,2023-08-09 00:00:00,ETH/BTC,0.062337,0.062910,0.062135,0.062702,54.540768,3.419828
1691452800,2023-08-08 00:00:00,ETH/BTC,0.062635,0.062793,0.062041,0.062360,205.049564,12.786979
1691366400,2023-08-07 00:00:00,ETH/BTC,0.062991,0.063232,0.062482,0.062622,118.954494,7.449120
1691280000,2023-08-06 00:00:00,ETH/BTC,0.063147,0.063222,0.062844,0.062948,37.425992,2.355880
1691193600,2023-08-05 00:00:00,ETH/BTC,0.062906,0.063215,0.062855,0.063197,29.922600,1.891031
1691107200,2023-08-04 00:00:00,ETH/BTC,0.062883,0.063147,0.062771,0.062816,52.879087,3.321633
1691020800,2023-08-03 00:00:00,ETH/BTC,0.063047,0.063285,0.062764,0.062872,22.157946,1.393117
1690934400,2023-08-02 00:00:00,ETH/BTC,0.063040,0.063294,0.062564,0.063059,62.972926,3.970980
1690848000,2023-08-01 00:00:00,ETH/BTC,0.063473,0.063609,0.062993,0.063052,149.679642,9.437595
1690761600,2023-07-31 00:00:00,ETH/BTC,0.063578,0.063776,0.063381,0.063503,39.281242,2.494476
1690675200,2023-07-30 00:00:00,ETH/BTC,0.064076,0.064135,0.063581,0.063620,18.177117,1.156430
1690588800,2023-07-29 00:00:00,ETH/BTC,0.063932,0.064214,0.063770,0.064104,26.338436,1.688410
1690502400,2023-07-28 00:00:00,ETH/BTC,0.063683,0.064044,0.063581,0.063942,38.810520,2.481642
1690416000,2023-07-27 00:00:00,ETH/BTC,0.063779,0.063883,0.063478,0.063667,80.915245,5.151596
1690329600,2023-07-26 00:00:00,ETH/BTC,0.063536,0.063850,0.063369,0.063761,25.133894,1.602572
1690243200,2023-07-25 00:00:00,ETH/BTC,0.063420,0.063744,0.063420,0.063556,53.527206,3.401965
1690156800,2023-07-24 00:00:00,ETH/BTC,0.062889,0.063600,0.062745,0.063417,50.627862,3.210672
1690070400,2023-07-23 00:00:00,ETH/BTC,0.062639,0.062960,0.062484,0.062866,104.813542,6.589191
1689984000,2023-07-22 00:00:00,ETH/BTC,0.063295,0.063422,0.062429,0.062579,32.676304,2.044861
1689897600,2023-07-21 00:00:00,ETH/BTC,0.063509,0.063544,0.063218,0.063218,86.537615,5.470761
1689811200,2023-07-20 00:00:00,ETH/BTC,0.063148,0.063673,0.063028,0.063520,73.720415,4.682735
1689724800,2023-07-19 00:00:00,ETH/BTC,0.063516,0.063795,0.063046,0.063156,95.942601,6.059371
1689638400,2023-07-18 00:00:00,ETH/BTC,0.063429,0.063773,0.063286,0.063590,162.281391,10.319474
1689552000,2023-07-17 00:00:00,ETH/BTC,0.063564,0.063839,0.063034,0.063394,117.417464,7.443552
1689465600,2023-07-16 00:00:00,ETH/BTC,0.063759,0.063951,0.063569,0.063614,37.593304,2.391445
1689379200,2023-07-15 00:00:00,ETH/BTC,0.063913,0.064072,0.063636,0.063748,97.379777,6.207796
1689292800,2023-07-14 00:00:00,ETH/BTC,0.063715,0.064391,0.063350,0.063913,245.801284,15.709998
1689206400,2023-07-13 00:00:00,ETH/BTC,0.061637,0.064379,0.061474,0.063749,468.379632,29.858579
1689120000,2023-07-12 00:00:00,ETH/BTC,0.061320,0.062050,0.061306,0.061571,47.084780,2.899066
1689033600,2023-07-11 00:00:00,ETH/BTC,0.061834,0.061834,0.061076,0.061353,40.345263,2.475319
1688947200,2023-07-10 00:00:00,ETH/BTC,0.061737,0.062115,0.061294,0.061840,55.607507,3.438782
1688860800,2023-07-09 00:00:00,ETH/BTC,0.061526,0.061970,0.061429,0.061751,111.127953,6.862284
1688774400,2023-07-08 00:00:00,ETH/BTC,0.061695,0.061817,0.061228,0.061592,182.083742,11.214900
1688688000,2023-07-07 00:00:00,ETH/BTC,0.061766,0.061899,0.061370,0.061510,70.165745,4.315895
1688601600,2023-07-06 00:00:00,ETH/BTC,0.062630,0.062870,0.061747,0.061824,242.260906,14.977642
1688515200,2023-07-05 00:00:00,ETH/BTC,0.062968,0.063001,0.062511,0.062649,129.492755,8.112571
1688428800,2023-07-04 00:00:00,ETH/BTC,0.062740,0.063297,0.062429,0.062933,121.767848,7.663229
1688342400,2023-07-03 00:00:00,ETH/BTC,0.063274,0.064344,0.062746,0.062746,332.910089,20.888843
1688256000,2023-07-02 00:00:00,ETH/BTC,0.062890,0.063638,0.062530,0.063298,160.833699,10.180451
1688169600,2023-07-01 00:00:00,ETH/BTC,0.063502,0.063660,0.062710,0.062859,117.316320,7.374439
1688083200,2023-06-30 00:00:00,ETH/BTC,0.060807,0.063680,0.060637,0.063428,348.028356,22.074722
1687996800,2023-06-29 00:00:00,ETH/BTC,0.060798,0.061082,0.060532,0.060802,45.969034,2.795010
1687910400,2023-06-28 00:00:00,ETH/BTC,0.061553,0.061590,0.060671,0.060839,273.775652,16.656174
1687824000,2023-06-27 00:00:00,ETH/BTC,0.061421,0.062290,0.061100,0.061586,477.912901,29.432706
1687737600,2023-06-26 00:00:00,ETH/BTC,0.062307,0.062351,0.061217,0.061429,117.915702,7.243419
1687651200,2023-06-25 00:00:00,ETH/BTC,0.061394,0.062711,0.061314,0.062323,305.357448,19.030701
1687564800,2023-06-24 00:00:00,ETH/BTC,0.061644,0.061882,0.061276,0.061440,130.237004,8.001762
1687478400,2023-06-23 00:00:00,ETH/BTC,0.062652,0.062852,0.061130,0.061669,372.157186,22.950476
1687392000,2023-06-22 00:00:00,ETH/BTC,0.063011,0.063691,0.062458,0.062638,123.654639,7.745459
1687305600,2023-06-21 00:00:00,ETH/BTC,0.063304,0.063420,0.061697,0.063003,1027.081032,64.709104
1687219200,2023-06-20 00:00:00,ETH/BTC,0.064732,0.064734,0.063046,0.063282,445.260987,28.177077
1687132800,2023-06-19 00:00:00,ETH/BTC,0.065311,0.065398,0.064475,0.064757,201.102391,13.022777
1687046400,2023-06-18 00:00:00,ETH/BTC,0.065145,0.065580,0.065004,0.065349,74.777576,4.886642
1686960000,2023-06-17 00:00:00,ETH/BTC,0.065211,0.066090,0.065098,0.065183,48.745579,3.177368
1686873600,2023-06-16 00:00:00,ETH/BTC,0.065194,0.065579,0.064398,0.065173,121.364905,7.909665
1686787200,2023-06-15 00:00:00,ETH/BTC,0.065709,0.066285,0.064963,0.065152,407.040487,26.519583
1686700800,2023-06-14 00:00:00,ETH/BTC,0.067055,0.067333,0.065204,0.065710,248.422861,16.323764
1686614400,2023-06-13 00:00:00,ETH/BTC,0.067257,0.067372,0.066672,0.067106,154.648366,10.377791
1686528000,2023-06-12 00:00:00,ETH/BTC,0.067574,0.067574,0.066962,0.067267,118.415577,7.965446
1686441600,2023-06-11 00:00:00,ETH/BTC,0.067795,0.068208,0.067580,0.067581,96.352128,6.511568
1686355200,2023-06-10 00:00:00,ETH/BTC,0.069510,0.069769,0.067180,0.067778,690.726178,46.816149
1686268800,2023-06-09 00:00:00,ETH/BTC,0.069685,0.069772,0.069138,0.069480,402.173416,27.942997
1686182400,2023-06-08 00:00:00,ETH/BTC,0.069557,0.069988,0.069420,0.069644,66.648883,4.641699
1686096000,2023-06-07 00:00:00,ETH/BTC,0.069248,0.070069,0.069188,0.069536,166.753378,11.595373
1686009600,2023-06-06 00:00:00,ETH/BTC,0.070301,0.070875,0.069038,0.069208,836.701287,57.906757
1685923200,2023-06-05 00:00:00,ETH/BTC,0.069690,0.070904,0.069150,0.070328,356.540238,25.074937
1685836800,2023-06-04 00:00:00,ETH/BTC,0.069907,0.070112,0.069520,0.069767,38.545974,2.689238
1685750400,2023-06-03 00:00:00,ETH/BTC,0.070003,0.070202,0.069561,0.069880,137.905565,9.636841
1685664000,2023-06-02 00:00:00,ETH/BTC,0.069394,0.070300,0.069394,0.070009,240.238963,16.818817
1685577600,2023-06-01 00:00:00,ETH/BTC,0.068899,0.069688,0.068880,0.069448,666.101310,46.259424
1685491200,2023-05-31 00:00:00,ETH/BTC,0.068607,0.069106,0.068367,0.068868,212.738669,14.650870
1685404800,2023-05-30 00:00:00,ETH/BTC,0.068210,0.068824,0.068202,0.068583,127.425353,8.739251
1685318400,2023-05-29 00:00:00,ETH/BTC,0.067984,0.068471,0.067656,0.068213,194.687337,13.280143
1685232000,2023-05-28 00:00:00,ETH/BTC,0.068125,0.068454,0.066815,0.067991,353.868793,24.059808
1685145600,2023-05-27 00:00:00,ETH/BTC,0.068448,0.068612,0.068123,0.068123,75.226541,5.124690
1685059200,2023-05-26 00:00:00,ETH/BTC,0.068215,0.068765,0.068090,0.068430,171.831912,11.758540
1684972800,2023-05-25 00:00:00,ETH/BTC,0.068403,0.068538,0.067803,0.068227,139.116518,9.491569
1684886400,2023-05-24 00:00:00,ETH/BTC,0.068131,0.068423,0.067850,0.068388,440.788290,30.144722
1684800000,2023-05-23 00:00:00,ETH/BTC,0.067714,0.068315,0.067660,0.068129,308.902651,21.045185
1684713600,2023-05-22 00:00:00,ETH/BTC,0.067452,0.067772,0.067303,0.067676,111.139875,7.521528
1684627200,2023-05-21 00:00:00,ETH/BTC,0.067092,0.067501,0.066860,0.067466,81.855766,5.522506
1684540800,2023-05-20 00:00:00,ETH/BTC,0.067396,0.067566,0.067094,0.067094,43.592988,2.924845
1684454400,2023-05-19 00:00:00,ETH/BTC,0.067092,0.067642,0.067050,0.067413,146.881822,9.901715
1684368000,2023-05-18 00:00:00,ETH/BTC,0.066462,0.067448,0.066404,0.067163,81.709627,5.487835
1684281600,2023-05-17 00:00:00,ETH/BTC,0.067485,0.067485,0.066468,0.066468,225.015185,14.956363
1684195200,2023-05-16 00:00:00,ETH/BTC,0.066880,0.067654,0.066614,0.067480,88.634988,5.981105
1684108800,2023-05-15 00:00:00,ETH/BTC,0.066825,0.067324,0.066551,0.066866,135.571020,9.065138
1684022400,2023-05-14 00:00:00,ETH/BTC,0.067096,0.067395,0.066686,0.066860,312.849747,20.917219
1683936000,2023-05-13 00:00:00,ETH/BTC,0.067470,0.067534,0.066727,0.067048,129.148810,8.659169
1683849600,2023-05-12 00:00:00,ETH/BTC,0.066525,0.067855,0.066074,0.067522,608.460459,41.084741
1683763200,2023-05-11 00:00:00,ETH/BTC,0.066687,0.066722,0.066045,0.066510,172.740746,11.488973
1683676800,2023-05-10 00:00:00,ETH/BTC,0.066847,0.067131,0.066221,0.066703,205.510605,13.708190
1683590400,2023-05-09 00:00:00,ETH/BTC,0.066797,0.067131,0.066544,0.066838,132.743406,8.872330
1683504000,2023-05-08 00:00:00,ETH/BTC,0.065792,0.067042,0.065516,0.066783,515.718162,34.441000
1683417600,2023-05-07 00:00:00,ETH/BTC,0.065750,0.066490,0.065539,0.065827,265.355732,17.467662
1683331200,2023-05-06 00:00:00,ETH/BTC,0.067563,0.067866,0.064903,0.065742,646.373233,42.493772
1683244800,2023-05-05 00:00:00,ETH/BTC,0.065094,0.067672,0.064616,0.067560,656.264359,44.337220
1683158400,2023-05-04 00:00:00,ETH/BTC,0.065564,0.065625,0.064950,0.065107,254.065037,16.541356
1683072000,2023-05-03 00:00:00,ETH/BTC,0.065222,0.066490,0.065063,0.065667,438.528249,28.796642
1682985600,2023-05-02 00:00:00,ETH/BTC,0.065220,0.065459,0.064869,0.065285,549.548511,35.877286
1682899200,2023-05-01 00:00:00,ETH/BTC,0.064033,0.065402,0.063968,0.065206,564.658095,36.818853
1682812800,2023-04-30 00:00:00,ETH/BTC,0.065211,0.065273,0.063915,0.063915,499.158365,31.903847
1682726400,2023-04-29 00:00:00,ETH/BTC,0.064487,0.065278,0.064457,0.065240,98.451548,6.422979
1682640000,2023-04-28 00:00:00,ETH/BTC,0.064758,0.065331,0.064469,0.064485,260.375820,16.790436
1682553600,2023-04-27 00:00:00,ETH/BTC,0.065615,0.066170,0.064575,0.064799,528.147859,34.223210
1682467200,2023-04-26 00:00:00,ETH/BTC,0.065904,0.066172,0.064986,0.065688,680.133247,44.676457
1682380800,2023-04-25 00:00:00,ETH/BTC,0.066949,0.067132,0.065910,0.065930,567.623693,37.423430
1682294400,2023-04-24 00:00:00,ETH/BTC,0.067511,0.067707,0.066800,0.066961,393.351236,26.339180
1682208000,2023-04-23 00:00:00,ETH/BTC,0.067376,0.067907,0.067092,0.067487,168.465951,11.369258
1682121600,2023-04-22 00:00:00,ETH/BTC,0.067824,0.068119,0.067353,0.067387,156.187024,10.525009
1682035200,2023-04-21 00:00:00,ETH/BTC,0.068811,0.069036,0.067087,0.067771,1071.826416,72.638448
1681948800,2023-04-20 00:00:00,ETH/BTC,0.067160,0.068930,0.067086,0.068796,401.278370,27.606507
1681862400,2023-04-19 00:00:00,ETH/BTC,0.069213,0.069371,0.067046,0.067185,2029.273992,136.337220
1681776000,2023-04-18 00:00:00,ETH/BTC,0.070465,0.070931,0.068720,0.069220,441.010395,30.526762
1681689600,2023-04-17 00:00:00,ETH/BTC,0.069900,0.070869,0.069610,0.070503,474.075630,33.423522
1681603200,2023-04-16 00:00:00,ETH/BTC,0.068991,0.070138,0.068805,0.069920,436.352078,30.509746
1681516800,2023-04-15 00:00:00,ETH/BTC,0.068908,0.069512,0.068450,0.069023,333.749748,23.036566
1681430400,2023-04-14 00:00:00,ETH/BTC,0.066186,0.069459,0.066178,0.068955,1465.406112,101.047753
1681344000,2023-04-13 00:00:00,ETH/BTC,0.064174,0.066536,0.063270,0.066222,1225.362762,81.145691
1681257600,2023-04-12 00:00:00,ETH/BTC,0.062558,0.064448,0.062017,0.064165,834.556420,53.549571
1681171200,2023-04-11 00:00:00,ETH/BTC,0.064481,0.064527,0.062476,0.062560,661.727055,41.397459
1681084800,2023-04-10 00:00:00,ETH/BTC,0.065586,0.065878,0.064199,0.064465,676.375084,43.602797
1680998400,2023-04-09 00:00:00,ETH/BTC,0.066190,0.066337,0.065395,0.065608,217.262929,14.254260
1680912000,2023-04-08 00:00:00,ETH/BTC,0.066790,0.066812,0.066186,0.066186,92.355161,6.112619
1680825600,2023-04-07 00:00:00,ETH/BTC,0.066783,0.067007,0.066297,0.066781,137.687540,9.194883
1680739200,2023-04-06 00:00:00,ETH/BTC,0.067652,0.067803,0.066551,0.066762,317.095213,21.169907
1680652800,2023-04-05 00:00:00,ETH/BTC,0.066395,0.067960,0.066353,0.067766,827.291203,56.062141
1680566400,2023-04-04 00:00:00,ETH/BTC,0.065121,0.066619,0.064659,0.066406,674.723997,44.805917
1680480000,2023-04-03 00:00:00,ETH/BTC,0.063707,0.065190,0.063645,0.065090,538.871338,35.075281
1680393600,2023-04-02 00:00:00,ETH/BTC,0.063959,0.064255,0.063516,0.063685,133.266895,8.487073
1680307200,2023-04-01 00:00:00,ETH/BTC,0.063978,0.064344,0.063799,0.063960,100.616591,6.435482
1680220800,2023-03-31 00:00:00,ETH/BTC,0.064030,0.064767,0.063863,0.063978,571.159042,36.541470
1680134400,2023-03-30 00:00:00,ETH/BTC,0.063260,0.064091,0.062494,0.063979,1717.104097,109.859187
1680048000,2023-03-29 00:00:00,ETH/BTC,0.065020,0.065278,0.063040,0.063258,355.499612,22.488024
1679961600,2023-03-28 00:00:00,ETH/BTC,0.063243,0.065261,0.063243,0.065045,742.279358,48.281576
1679875200,2023-03-27 00:00:00,ETH/BTC,0.063450,0.063867,0.062958,0.063161,308.796074,19.503770
1679788800,2023-03-26 00:00:00,ETH/BTC,0.063434,0.064361,0.063248,0.063419,476.939478,30.247077
1679702400,2023-03-25 00:00:00,ETH/BTC,0.063737,0.063855,0.063093,0.063431,296.498542,18.807086
1679616000,2023-03-24 00:00:00,ETH/BTC,0.064113,0.064326,0.062670,0.063747,794.149587,50.624940
1679529600,2023-03-23 00:00:00,ETH/BTC,0.063630,0.064719,0.063240,0.064102,810.833257,51.976025
1679443200,2023-03-22 00:00:00,ETH/BTC,0.064080,0.064373,0.062423,0.063664,1115.554338,71.020194
1679356800,2023-03-21 00:00:00,ETH/BTC,0.062474,0.065370,0.062472,0.064099,2367.013777,151.722435
1679270400,2023-03-20 00:00:00,ETH/BTC,0.063671,0.064430,0.062246,0.062527,2201.512379,137.653062
1679184000,2023-03-19 00:00:00,ETH/BTC,0.065383,0.065790,0.063622,0.063673,825.525903,52.563604
1679097600,2023-03-18 00:00:00,ETH/BTC,0.065269,0.066731,0.065028,0.065257,677.014358,44.179899
1679011200,2023-03-17 00:00:00,ETH/BTC,0.066963,0.066964,0.064120,0.065280,2684.779335,175.262180
1678924800,2023-03-16 00:00:00,ETH/BTC,0.067977,0.068083,0.066562,0.066958,666.105834,44.601074
1678838400,2023-03-15 00:00:00,ETH/BTC,0.068867,0.069220,0.066525,0.067977,2076.281244,141.140201
1678752000,2023-03-14 00:00:00,ETH/BTC,0.069416,0.069642,0.066750,0.068870,3189.915809,219.689502
1678665600,2023-03-13 00:00:00,ETH/BTC,0.071730,0.072182,0.068848,0.069433,3375.058666,234.339267
1678579200,2023-03-12 00:00:00,ETH/BTC,0.071954,0.073625,0.071362,0.071698,1281.379399,91.872648
1678492800,2023-03-11 00:00:00,ETH/BTC,0.070785,0.072277,0.070650,0.071862,956.625835,68.744893
1678406400,2023-03-10 00:00:00,ETH/BTC,0.070556,0.071289,0.069649,0.070746,420.533341,29.751022
1678320000,2023-03-09 00:00:00,ETH/BTC,0.070652,0.071766,0.070205,0.070574,189.266667,13.357275
1678233600,2023-03-08 00:00:00,ETH/BTC,0.070394,0.071097,0.070359,0.070664,287.123656,20.289332
1678147200,2023-03-07 00:00:00,ETH/BTC,0.069840,0.070382,0.069602,0.070335,134.671531,9.472161
1678060800,2023-03-06 00:00:00,ETH/BTC,0.069766,0.070077,0.069644,0.069884,111.672116,7.804117
1677974400,2023-03-05 00:00:00,ETH/BTC,0.070090,0.070465,0.069620,0.069736,90.963240,6.343448
1677888000,2023-03-04 00:00:00,ETH/BTC,0.070213,0.070430,0.069846,0.070090,49.728583,3.485476
1677801600,2023-03-03 00:00:00,ETH/BTC,0.070255,0.070375,0.069570,0.070180,338.113353,23.728795
1677715200,2023-03-02 00:00:00,ETH/BTC,0.070444,0.070616,0.069684,0.070245,117.215459,8.233752
1677628800,2023-03-01 00:00:00,ETH/BTC,0.069375,0.070456,0.069214,0.070446,527.591918,37.166582
1677542400,2023-02-28 00:00:00,ETH/BTC,0.069557,0.070094,0.069226,0.069356,81.267636,5.636437
1677456000,2023-02-27 00:00:00,ETH/BTC,0.069653,0.070326,0.069420,0.069503,286.492459,19.912037
1677369600,2023-02-26 00:00:00,ETH/BTC,0.068877,0.069777,0.068838,0.069661,66.804027,4.653607
1677283200,2023-02-25 00:00:00,ETH/BTC,0.069345,0.069724,0.068356,0.068821,91.333023,6.285594
1677196800,2023-02-24 00:00:00,ETH/BTC,0.069000,0.069671,0.068362,0.069309,179.406593,12.434497
1677110400,2023-02-23 00:00:00,ETH/BTC,0.067935,0.069360,0.067821,0.068935,303.090990,20.893544
1677024000,2023-02-22 00:00:00,ETH/BTC,0.067897,0.068466,0.067668,0.067936,152.706122,10.374182
1676937600,2023-02-21 00:00:00,ETH/BTC,0.068571,0.068648,0.067697,0.067823,290.047367,19.671827
1676851200,2023-02-20 00:00:00,ETH/BTC,0.069150,0.069577,0.068271,0.068561,458.828568,31.457892
1676764800,2023-02-19 00:00:00,ETH/BTC,0.068641,0.069265,0.068415,0.069199,101.197501,7.002779
1676678400,2023-02-18 00:00:00,ETH/BTC,0.068984,0.069159,0.068391,0.068660,162.683926,11.169878
1676592000,2023-02-17 00:00:00,ETH/BTC,0.069620,0.070200,0.068730,0.068929,336.745837,23.211611
1676505600,2023-02-16 00:00:00,ETH/BTC,0.068820,0.069612,0.068250,0.069612,805.950499,56.103528
1676419200,2023-02-15 00:00:00,ETH/BTC,0.070082,0.070195,0.068597,0.068841,1283.156741,88.333973
1676332800,2023-02-14 00:00:00,ETH/BTC,0.069171,0.070367,0.068957,0.070084,327.581572,22.958374
1676246400,2023-02-13 00:00:00,ETH/BTC,0.069540,0.069706,0.068303,0.069150,247.146243,17.090267
1676160000,2023-02-12 00:00:00,ETH/BTC,0.070356,0.070391,0.069073,0.069539,114.743121,7.979104
1676073600,2023-02-11 00:00:00,ETH/BTC,0.069844,0.070533,0.069688,0.070389,74.842686,5.268085
1675987200,2023-02-10 00:00:00,ETH/BTC,0.070908,0.071070,0.069574,0.069973,144.583011,10.116927
1675900800,2023-02-09 00:00:00,ETH/BTC,0.071850,0.072282,0.070125,0.070925,317.472410,22.516648
1675814400,2023-02-08 00:00:00,ETH/BTC,0.071864,0.072682,0.071645,0.071881,472.066925,33.932652
1675728000,2023-02-07 00:00:00,ETH/BTC,0.070946,0.071970,0.070912,0.071878,166.299638,11.953230
1675641600,2023-02-06 00:00:00,ETH/BTC,0.071068,0.071660,0.070863,0.070972,1018.772447,72.303839
1675555200,2023-02-05 00:00:00,ETH/BTC,0.071407,0.071529,0.070530,0.071063,408.928554,29.059735
1675468800,2023-02-04 00:00:00,ETH/BTC,0.071041,0.072056,0.070693,0.071430,156.053234,11.146883
1675382400,2023-02-03 00:00:00,ETH/BTC,0.069921,0.071253,0.069591,0.071010,169.353166,12.025714
1675296000,2023-02-02 00:00:00,ETH/BTC,0.069220,0.071095,0.069172,0.069964,440.576497,30.824666
1675209600,2023-02-01 00:00:00,ETH/BTC,0.068635,0.069534,0.068191,0.069250,228.905585,15.851661
1675123200,2023-01-31 00:00:00,ETH/BTC,0.068632,0.069106,0.068373,0.068494,120.693785,8.266819
1675036800,2023-01-30 00:00:00,ETH/BTC,0.069244,0.069318,0.067721,0.068622,254.474633,17.462538
1674950400,2023-01-29 00:00:00,ETH/BTC,0.068215,0.069524,0.068206,0.069289,247.531587,17.151167
1674864000,2023-01-28 00:00:00,ETH/BTC,0.069246,0.069389,0.067926,0.068330,197.141618,13.470718
1674777600,2023-01-27 00:00:00,ETH/BTC,0.069585,0.069585,0.068350,0.069244,958.518722,66.371306
1674691200,2023-01-26 00:00:00,ETH/BTC,0.069847,0.070210,0.069020,0.069624,245.381063,17.084335
1674604800,2023-01-25 00:00:00,ETH/BTC,0.068745,0.069841,0.067998,0.069841,530.543416,37.053916
1674518400,2023-01-24 00:00:00,ETH/BTC,0.070961,0.071110,0.067715,0.068754,399.390288,27.459756
1674432000,2023-01-23 00:00:00,ETH/BTC,0.071682,0.072161,0.070535,0.070991,177.243350,12.582741
1674345600,2023-01-22 00:00:00,ETH/BTC,0.071380,0.072482,0.070757,0.071669,263.390591,18.877009
1674259200,2023-01-21 00:00:00,ETH/BTC,0.073112,0.073926,0.070778,0.071421,1283.919536,91.698471
1674172800,2023-01-20 00:00:00,ETH/BTC,0.073560,0.074677,0.072832,0.073140,635.846104,46.505720
1674086400,2023-01-19 00:00:00,ETH/BTC,0.073101,0.073927,0.073101,0.073610,183.749472,13.525799
1674000000,2023-01-18 00:00:00,ETH/BTC,0.074108,0.074581,0.073023,0.073178,402.440029,29.449849
1673913600,2023-01-17 00:00:00,ETH/BTC,0.074402,0.074742,0.073810,0.074060,449.248026,33.271295
1673827200,2023-01-16 00:00:00,ETH/BTC,0.074370,0.075071,0.073658,0.074411,274.683834,20.439441
1673740800,2023-01-15 00:00:00,ETH/BTC,0.073920,0.074588,0.073450,0.074350,128.810690,9.577086
1673654400,2023-01-14 00:00:00,ETH/BTC,0.072795,0.075845,0.072000,0.073996,1035.565214,76.627508
1673568000,2023-01-13 00:00:00,ETH/BTC,0.075136,0.075136,0.072797,0.072810,520.293444,37.882566
1673481600,2023-01-12 00:00:00,ETH/BTC,0.077360,0.077982,0.075047,0.075103,630.501250,47.352447
1673395200,2023-01-11 00:00:00,ETH/BTC,0.076577,0.077956,0.076208,0.077435,524.228126,40.593715
1673308800,2023-01-10 00:00:00,ETH/BTC,0.076827,0.077303,0.076505,0.076505,468.384685,35.833939
1673222400,2023-01-09 00:00:00,ETH/BTC,0.075260,0.077541,0.075117,0.076906,517.343481,39.786999
1673136000,2023-01-08 00:00:00,ETH/BTC,0.074591,0.075570,0.074402,0.075299,227.089547,17.099541
1673049600,2023-01-07 00:00:00,ETH/BTC,0.074813,0.074880,0.074536,0.074586,120.275410,8.970809
1672963200,2023-01-06 00:00:00,ETH/BTC,0.074372,0.075430,0.074055,0.074878,691.478322,51.776749
1672876800,2023-01-05 00:00:00,ETH/BTC,0.074575,0.074575,0.074065,0.074338,193.253060,14.366081
1672790400,2023-01-04 00:00:00,ETH/BTC,0.072855,0.075073,0.072823,0.074594,745.948970,55.643094
1672704000,2023-01-03 00:00:00,ETH/BTC,0.072824,0.072883,0.072532,0.072840,170.683398,12.432640
1672617600,2023-01-02 00:00:00,ETH/BTC,0.072227,0.072943,0.072074,0.072824,416.059093,30.298913
1672531200,2023-01-01 00:00:00,ETH/BTC,0.072270,0.072492,0.072120,0.072231,155.493206,11.231375
1672444800,2022-12-31 00:00:00,ETH/BTC,0.072273,0.072621,0.072129,0.072270,131.808268,9.525787
1672358400,2022-12-30 00:00:00,ETH/BTC,0.072168,0.072467,0.071971,0.072250,282.765615,20.429929
1672272000,2022-12-29 00:00:00,ETH/BTC,0.071952,0.072332,0.071838,0.072180,151.132933,10.908843
1672185600,2022-12-28 00:00:00,ETH/BTC,0.072559,0.072589,0.071581,0.071925,349.403010,25.130888
1672099200,2022-12-27 00:00:00,ETH/BTC,0.072596,0.072688,0.072083,0.072556,275.327569,19.976761
1672012800,2022-12-26 00:00:00,ETH/BTC,0.072424,0.072686,0.072085,0.072558,257.424059,18.678250
1671926400,2022-12-25 00:00:00,ETH/BTC,0.072504,0.072629,0.071517,0.072372,228.201807,16.515469
1671840000,2022-12-24 00:00:00,ETH/BTC,0.072720,0.072722,0.072274,0.072505,88.183782,6.393728
1671753600,2022-12-23 00:00:00,ETH/BTC,0.072394,0.072780,0.072259,0.072704,183.402703,13.334018
1671667200,2022-12-22 00:00:00,ETH/BTC,0.072145,0.073485,0.071198,0.072392,336.375352,24.350740
1671580800,2022-12-21 00:00:00,ETH/BTC,0.072033,0.072256,0.071737,0.072141,202.130402,14.581887
1671494400,2022-12-20 00:00:00,ETH/BTC,0.070901,0.072271,0.070891,0.072027,469.223549,33.796586
1671408000,2022-12-19 00:00:00,ETH/BTC,0.070694,0.071161,0.070462,0.071002,249.686189,17.728144
1671321600,2022-12-18 00:00:00,ETH/BTC,0.070813,0.071182,0.070262,0.070767,196.560163,13.910044
1671235200,2022-12-17 00:00:00,ETH/BTC,0.070199,0.070917,0.069982,0.070713,196.866588,13.921019
1671148800,2022-12-16 00:00:00,ETH/BTC,0.072958,0.073172,0.069846,0.070160,450.828561,31.630132
1671062400,2022-12-15 00:00:00,ETH/BTC,0.073404,0.073487,0.072552,0.072958,205.590746,14.999588
1670976000,2022-12-14 00:00:00,ETH/BTC,0.074327,0.074487,0.072892,0.073486,500.776357,36.799826
1670889600,2022-12-13 00:00:00,ETH/BTC,0.074144,0.075112,0.073270,0.074204,488.691873,36.262682
1670803200,2022-12-12 00:00:00,ETH/BTC,0.073930,0.074325,0.073375,0.074124,167.519420,12.417146
1670716800,2022-12-11 00:00:00,ETH/BTC,0.073909,0.074401,0.073529,0.073924,191.376011,14.147303
1670630400,2022-12-10 00:00:00,ETH/BTC,0.073723,0.074460,0.073611,0.073956,94.904975,7.018780
1670544000,2022-12-09 00:00:00,ETH/BTC,0.074329,0.074856,0.073549,0.073751,159.184669,11.740049
1670457600,2022-12-08 00:00:00,ETH/BTC,0.073140,0.074743,0.072803,0.074256,130.729249,9.707414
1670371200,2022-12-07 00:00:00,ETH/BTC,0.074414,0.074510,0.072804,0.073140,306.063745,22.385499
1670284800,2022-12-06 00:00:00,ETH/BTC,0.074221,0.074563,0.073412,0.074447,188.257682,14.015156
1670198400,2022-12-05 00:00:00,ETH/BTC,0.074764,0.075249,0.073777,0.074248,198.436678,14.733560
1670112000,2022-12-04 00:00:00,ETH/BTC,0.073453,0.074940,0.073445,0.074792,271.858584,20.332733
1670025600,2022-12-03 00:00:00,ETH/BTC,0.075790,0.076051,0.073299,0.073536,198.731324,14.613897
1669939200,2022-12-02 00:00:00,ETH/BTC,0.075142,0.076053,0.075009,0.075790,261.102579,19.788967
1669852800,2022-12-01 00:00:00,ETH/BTC,0.075465,0.075516,0.074450,0.075231,277.642525,20.887294
1669766400,2022-11-30 00:00:00,ETH/BTC,0.073956,0.076106,0.073875,0.075451,1430.289564,107.916249
1669680000,2022-11-29 00:00:00,ETH/BTC,0.072032,0.074384,0.071843,0.073978,287.612698,21.276949
1669593600,2022-11-28 00:00:00,ETH/BTC,0.072657,0.072777,0.071620,0.072032,232.352567,16.736848
1669507200,2022-11-27 00:00:00,ETH/BTC,0.073278,0.073720,0.072501,0.072651,226.765101,16.474777
1669420800,2022-11-26 00:00:00,ETH/BTC,0.072620,0.074059,0.072528,0.073278,975.732876,71.499539
1669334400,2022-11-25 00:00:00,ETH/BTC,0.072539,0.072760,0.071431,0.072536,324.943590,23.570131
1669248000,2022-11-24 00:00:00,ETH/BTC,0.071286,0.072811,0.071286,0.072548,262.863756,19.070292
1669161600,2022-11-23 00:00:00,ETH/BTC,0.070188,0.071553,0.069585,0.071330,860.700668,61.393417
1669075200,2022-11-22 00:00:00,ETH/BTC,0.070200,0.070360,0.068732,0.070196,644.826250,45.264546
1668988800,2022-11-21 00:00:00,ETH/BTC,0.070188,0.070687,0.068520,0.070213,974.793625,68.443185
1668902400,2022-11-20 00:00:00,ETH/BTC,0.072909,0.073195,0.069863,0.070133,333.805240,23.410666
1668816000,2022-11-19 00:00:00,ETH/BTC,0.072600,0.073304,0.072362,0.072913,118.702131,8.654919
1668729600,2022-11-18 00:00:00,ETH/BTC,0.071880,0.072936,0.071694,0.072635,199.455826,14.487534
1668643200,2022-11-17 00:00:00,ETH/BTC,0.072938,0.073348,0.071872,0.071872,411.224094,29.555334
1668556800,2022-11-16 00:00:00,ETH/BTC,0.074118,0.076000,0.072428,0.072933,592.218466,43.192080
1668470400,2022-11-15 00:00:00,ETH/BTC,0.074772,0.075487,0.073688,0.074130,294.736259,21.848696
1668384000,2022-11-14 00:00:00,ETH/BTC,0.074767,0.075525,0.073610,0.074769,668.080715,49.951567
1668297600,2022-11-13 00:00:00,ETH/BTC,0.074831,0.075249,0.073569,0.074753,469.063297,35.063799
1668211200,2022-11-12 00:00:00,ETH/BTC,0.075584,0.075934,0.074293,0.074767,658.094928,49.203579
1668124800,2022-11-11 00:00:00,ETH/BTC,0.073863,0.076137,0.072083,0.075562,1126.413854,85.114489
1668038400,2022-11-10 00:00:00,ETH/BTC,0.069188,0.075670,0.068820,0.074066,2393.825282,177.302141
1667952000,2022-11-09 00:00:00,ETH/BTC,0.071890,0.072186,0.066000,0.069339,2844.445527,197.230582
1667865600,2022-11-08 00:00:00,ETH/BTC,0.076199,0.077100,0.070558,0.071904,2956.430654,212.579160
1667779200,2022-11-07 00:00:00,ETH/BTC,0.075015,0.077058,0.074910,0.076167,337.239961,25.686566
1667692800,2022-11-06 00:00:00,ETH/BTC,0.076380,0.076888,0.074908,0.075139,138.174084,10.382294
1667606400,2022-11-05 00:00:00,ETH/BTC,0.077784,0.078019,0.076327,0.076410,1095.275783,83.690023
1667520000,2022-11-04 00:00:00,ETH/BTC,0.075733,0.078900,0.075706,0.077752,333.974460,25.967045
1667433600,2022-11-03 00:00:00,ETH/BTC,0.075384,0.076552,0.075271,0.075779,166.718303,12.633665
1667347200,2022-11-02 00:00:00,ETH/BTC,0.077075,0.078124,0.074725,0.075400,709.814144,53.519986
1667260800,2022-11-01 00:00:00,ETH/BTC,0.076708,0.077940,0.076708,0.077150,1342.088941,103.542162
1667174400,2022-10-31 00:00:00,ETH/BTC,0.077140,0.078510,0.076138,0.076808,224.813063,17.267379
1667088000,2022-10-30 00:00:00,ETH/BTC,0.077817,0.078365,0.076654,0.077118,103.357930,7.970710
1667001600,2022-10-29 00:00:00,ETH/BTC,0.075468,0.079222,0.075278,0.077789,518.162930,40.307335
1666915200,2022-10-28 00:00:00,ETH/BTC,0.074620,0.075927,0.074015,0.075544,257.536134,19.455186
1666828800,2022-10-27 00:00:00,ETH/BTC,0.075388,0.076023,0.074432,0.074636,216.169977,16.134121
1666742400,2022-10-26 00:00:00,ETH/BTC,0.072680,0.075927,0.072680,0.075430,1060.352598,79.982439
1666656000,2022-10-25 00:00:00,ETH/BTC,0.069545,0.075516,0.069367,0.072672,601.584049,43.718436
1666569600,2022-10-24 00:00:00,ETH/BTC,0.069794,0.070000,0.069073,0.069570,1780.909356,123.897134
1666483200,2022-10-23 00:00:00,ETH/BTC,0.068445,0.069789,0.068025,0.069680,275.404036,19.190153
1666396800,2022-10-22 00:00:00,ETH/BTC,0.067851,0.068607,0.067651,0.068424,52.350831,3.582047
1666310400,2022-10-21 00:00:00,ETH/BTC,0.067343,0.068030,0.067039,0.067789,87.694947,5.944796
1666224000,2022-10-20 00:00:00,ETH/BTC,0.067127,0.067907,0.067021,0.067335,71.507029,4.814952
1666137600,2022-10-19 00:00:00,ETH/BTC,0.067786,0.067941,0.067080,0.067104,96.788549,6.494912
1666051200,2022-10-18 00:00:00,ETH/BTC,0.068100,0.068395,0.067144,0.067731,30.869098,2.090794
1665964800,2022-10-17 00:00:00,ETH/BTC,0.067770,0.068263,0.067522,0.068132,103.804337,7.072383
1665878400,2022-10-16 00:00:00,ETH/BTC,0.066875,0.067924,0.066828,0.067790,111.289055,7.544294
1665792000,2022-10-15 00:00:00,ETH/BTC,0.067617,0.067750,0.066574,0.066880,71.185634,4.760877
1665705600,2022-10-14 00:00:00,ETH/BTC,0.066440,0.067885,0.066368,0.067626,67.977754,4.597080
1665619200,2022-10-13 00:00:00,ETH/BTC,0.067538,0.067826,0.065469,0.066440,328.531501,21.827633
1665532800,2022-10-12 00:00:00,ETH/BTC,0.067132,0.068060,0.067014,0.067563,84.957953,5.740035
1665446400,2022-10-11 00:00:00,ETH/BTC,0.067391,0.067674,0.066852,0.067152,50.242723,3.373905
1665360000,2022-10-10 00:00:00,ETH/BTC,0.068045,0.068536,0.067391,0.067391,102.657850,6.918256
1665273600,2022-10-09 00:00:00,ETH/BTC,0.067698,0.068059,0.067509,0.068059,25.374794,1.726977
1665187200,2022-10-08 00:00:00,ETH/BTC,0.068125,0.068401,0.067656,0.067767,18.544897,1.256723
1665100800,2022-10-07 00:00:00,ETH/BTC,0.067785,0.068299,0.067468,0.068157,123.558703,8.421434
1665014400,2022-10-06 00:00:00,ETH/BTC,0.067066,0.068242,0.066968,0.067700,114.335244,7.740496
1664928000,2022-10-05 00:00:00,ETH/BTC,0.066920,0.067330,0.066380,0.067050,67.532090,4.528025
1664841600,2022-10-04 00:00:00,ETH/BTC,0.067437,0.067960,0.066726,0.066914,134.482222,8.998805
1664755200,2022-10-03 00:00:00,ETH/BTC,0.066990,0.068240,0.066598,0.067534,303.556865,20.500400
1664668800,2022-10-02 00:00:00,ETH/BTC,0.067913,0.068154,0.066927,0.066927,74.726546,5.001215
1664582400,2022-10-01 00:00:00,ETH/BTC,0.068450,0.068889,0.067832,0.067894,38.319332,2.601658
1664496000,2022-09-30 00:00:00,ETH/BTC,0.068162,0.069036,0.067650,0.068321,114.124056,7.797046
1664409600,2022-09-29 00:00:00,ETH/BTC,0.068912,0.069142,0.068100,0.068170,128.403388,8.753262
1664323200,2022-09-28 00:00:00,ETH/BTC,0.069640,0.069857,0.067556,0.068912,410.095836,28.260639
1664236800,2022-09-27 00:00:00,ETH/BTC,0.069440,0.069951,0.068220,0.069631,256.377895,17.851900
1664150400,2022-09-26 00:00:00,ETH/BTC,0.068912,0.069636,0.068260,0.069521,146.578252,10.190274
1664064000,2022-09-25 00:00:00,ETH/BTC,0.069644,0.069900,0.067950,0.068940,574.902748,39.633962
1663977600,2022-09-24 00:00:00,ETH/BTC,0.068846,0.070514,0.068610,0.069640,389.708513,27.139301
1663891200,2022-09-23 00:00:00,ETH/BTC,0.068432,0.069960,0.067975,0.068860,201.700496,13.889096
1663804800,2022-09-22 00:00:00,ETH/BTC,0.067514,0.069159,0.066651,0.068344,244.725667,16.725521
1663718400,2022-09-21 00:00:00,ETH/BTC,0.070000,0.071267,0.067092,0.067642,1188.707410,80.406784
1663632000,2022-09-20 00:00:00,ETH/BTC,0.070471,0.071740,0.069685,0.070095,618.154353,43.329573
1663545600,2022-09-19 00:00:00,ETH/BTC,0.068648,0.070886,0.068297,0.070393,511.252954,35.988731
1663459200,2022-09-18 00:00:00,ETH/BTC,0.072959,0.072959,0.068170,0.068777,653.523602,44.947661
1663372800,2022-09-17 00:00:00,ETH/BTC,0.072468,0.073441,0.071332,0.073033,428.897575,31.323565
1663286400,2022-09-16 00:00:00,ETH/BTC,0.074786,0.074922,0.072289,0.072430,353.812262,25.626622
1663200000,2022-09-15 00:00:00,ETH/BTC,0.080992,0.082011,0.074254,0.074708,782.189040,58.435943
1663113600,2022-09-14 00:00:00,ETH/BTC,0.077985,0.081059,0.077460,0.080992,1157.499627,93.747701
1663027200,2022-09-13 00:00:00,ETH/BTC,0.076595,0.079886,0.075084,0.078026,677.439621,52.858202
1662940800,2022-09-12 00:00:00,ETH/BTC,0.080873,0.080890,0.076357,0.076652,634.553095,48.639897
1662854400,2022-09-11 00:00:00,ETH/BTC,0.082007,0.082273,0.079991,0.080907,434.597705,35.161949
1662768000,2022-09-10 00:00:00,ETH/BTC,0.080457,0.082166,0.080263,0.081994,272.598110,22.351472
1662681600,2022-09-09 00:00:00,ETH/BTC,0.084615,0.084891,0.080091,0.080418,782.937346,62.962326
1662595200,2022-09-08 00:00:00,ETH/BTC,0.084555,0.085571,0.083750,0.084623,445.327287,37.685127
1662508800,2022-09-07 00:00:00,ETH/BTC,0.083000,0.085586,0.080220,0.084520,1030.593572,87.105769
1662422400,2022-09-06 00:00:00,ETH/BTC,0.081746,0.085000,0.081700,0.082882,815.288643,67.573104
1662336000,2022-09-05 00:00:00,ETH/BTC,0.078981,0.082000,0.078981,0.081618,212.920820,17.378263
1662249600,2022-09-04 00:00:00,ETH/BTC,0.078476,0.079378,0.078356,0.078988,185.343202,14.639896
1662163200,2022-09-03 00:00:00,ETH/BTC,0.078827,0.078910,0.077701,0.078542,134.805591,10.587910
1662076800,2022-09-02 00:00:00,ETH/BTC,0.078810,0.080745,0.078135,0.079007,290.405299,22.944078
1661990400,2022-09-01 00:00:00,ETH/BTC,0.077552,0.079210,0.076740,0.078811,557.305225,43.921604
1661904000,2022-08-31 00:00:00,ETH/BTC,0.077122,0.079222,0.076922,0.077520,371.800552,28.821979
1661817600,2022-08-30 00:00:00,ETH/BTC,0.076541,0.078250,0.075295,0.076901,371.727910,28.586140
1661731200,2022-08-29 00:00:00,ETH/BTC,0.073029,0.076827,0.072751,0.076569,420.201749,32.174613
1661644800,2022-08-28 00:00:00,ETH/BTC,0.074420,0.075000,0.072867,0.072970,172.773949,12.607315
1661558400,2022-08-27 00:00:00,ETH/BTC,0.074385,0.074761,0.072964,0.074375,242.798340,18.058192
1661472000,2022-08-26 00:00:00,ETH/BTC,0.078679,0.078679,0.073964,0.074530,436.483646,32.531126
1661385600,2022-08-25 00:00:00,ETH/BTC,0.077500,0.079360,0.077465,0.078498,207.283839,16.271460
1661299200,2022-08-24 00:00:00,ETH/BTC,0.077164,0.078009,0.075811,0.077503,200.369753,15.529287
1661212800,2022-08-23 00:00:00,ETH/BTC,0.075882,0.077534,0.074581,0.077244,312.160839,24.112521
1661126400,2022-08-22 00:00:00,ETH/BTC,0.075217,0.076023,0.073140,0.075878,256.028154,19.427002
1661040000,2022-08-21 00:00:00,ETH/BTC,0.074570,0.076053,0.074200,0.075240,441.541075,33.221714
1660953600,2022-08-20 00:00:00,ETH/BTC,0.077134,0.077641,0.073320,0.074534,351.375792,26.189422
1660867200,2022-08-19 00:00:00,ETH/BTC,0.079632,0.081189,0.077010,0.077170,982.571017,75.824701
1660780800,2022-08-18 00:00:00,ETH/BTC,0.078543,0.080276,0.078232,0.079660,218.653391,17.417929
1660694400,2022-08-17 00:00:00,ETH/BTC,0.078751,0.080094,0.077919,0.078541,535.341992,42.046183
1660608000,2022-08-16 00:00:00,ETH/BTC,0.078833,0.079504,0.077940,0.078712,248.258114,19.540970
1660521600,2022-08-15 00:00:00,ETH/BTC,0.079594,0.080720,0.078203,0.078783,325.881528,25.673950
1660435200,2022-08-14 00:00:00,ETH/BTC,0.081082,0.081411,0.078971,0.079650,1134.506281,90.363425
1660348800,2022-08-13 00:00:00,ETH/BTC,0.080232,0.081693,0.079736,0.081130,646.420192,52.444070
1660262400,2022-08-12 00:00:00,ETH/BTC,0.078518,0.080404,0.078135,0.080244,519.576969,41.692934
1660176000,2022-08-11 00:00:00,ETH/BTC,0.077256,0.078718,0.076664,0.078583,505.873160,39.753218
1660089600,2022-08-10 00:00:00,ETH/BTC,0.073660,0.077902,0.072964,0.077311,1759.941992,136.062347
1660003200,2022-08-09 00:00:00,ETH/BTC,0.074659,0.074871,0.072817,0.073440,143.610506,10.546756
1659916800,2022-08-08 00:00:00,ETH/BTC,0.073311,0.075000,0.072575,0.074612,214.263271,15.986510
1659830400,2022-08-07 00:00:00,ETH/BTC,0.073674,0.074102,0.072935,0.073388,94.493686,6.934680
1659744000,2022-08-06 00:00:00,ETH/BTC,0.074560,0.075041,0.073287,0.073690,193.935329,14.291094
1659657600,2022-08-05 00:00:00,ETH/BTC,0.071138,0.074700,0.071007,0.074554,274.489073,20.464239
1659571200,2022-08-04 00:00:00,ETH/BTC,0.070960,0.071799,0.070090,0.071160,255.688878,18.194821
1659484800,2022-08-03 00:00:00,ETH/BTC,0.070970,0.071377,0.069995,0.070940,176.083830,12.491325
1659398400,2022-08-02 00:00:00,ETH/BTC,0.070040,0.071851,0.068785,0.070990,2361.441125,167.638705
1659312000,2022-08-01 00:00:00,ETH/BTC,0.072057,0.072640,0.069823,0.070175,127.571207,8.952323
1659225600,2022-07-31 00:00:00,ETH/BTC,0.071650,0.072921,0.071268,0.072109,85.708785,6.180386
1659139200,2022-07-30 00:00:00,ETH/BTC,0.072421,0.072583,0.069943,0.071764,524.530489,37.642458
1659052800,2022-07-29 00:00:00,ETH/BTC,0.072320,0.073185,0.070531,0.072415,589.520769,42.690394
1658966400,2022-07-28 00:00:00,ETH/BTC,0.071318,0.073907,0.070159,0.072330,375.783419,27.180415
1658880000,2022-07-27 00:00:00,ETH/BTC,0.068220,0.071692,0.067510,0.071471,319.385137,22.826724
1658793600,2022-07-26 00:00:00,ETH/BTC,0.067836,0.068307,0.065140,0.068307,524.382626,35.818878
1658707200,2022-07-25 00:00:00,ETH/BTC,0.070758,0.070910,0.067491,0.067491,395.776923,26.711523
1658620800,2022-07-24 00:00:00,ETH/BTC,0.069083,0.072327,0.069083,0.070671,309.643908,21.882811
1658534400,2022-07-23 00:00:00,ETH/BTC,0.067630,0.069530,0.067497,0.069048,182.558443,12.605283
1658448000,2022-07-22 00:00:00,ETH/BTC,0.068090,0.070230,0.067315,0.067629,701.561056,47.445550
1658361600,2022-07-21 00:00:00,ETH/BTC,0.065649,0.068948,0.064545,0.068056,583.861317,39.735418
1658275200,2022-07-20 00:00:00,ETH/BTC,0.065877,0.067844,0.064822,0.065450,3058.446828,200.174458
1658188800,2022-07-19 00:00:00,ETH/BTC,0.070548,0.070922,0.065635,0.065963,1748.655065,115.346604
1658102400,2022-07-18 00:00:00,ETH/BTC,0.064508,0.070834,0.064508,0.070515,1297.001901,91.458426
1658016000,2022-07-17 00:00:00,ETH/BTC,0.063988,0.065237,0.062776,0.064393,1354.214317,87.201625
1657929600,2022-07-16 00:00:00,ETH/BTC,0.059104,0.066407,0.057955,0.063925,910.596854,58.209986
1657843200,2022-07-15 00:00:00,ETH/BTC,0.057977,0.060710,0.057777,0.059168,1842.379374,109.009774
1657756800,2022-07-14 00:00:00,ETH/BTC,0.055071,0.058100,0.054564,0.057889,269.886154,15.623504
1657670400,2022-07-13 00:00:00,ETH/BTC,0.053756,0.055219,0.053176,0.055084,590.070670,32.503541
1657584000,2022-07-12 00:00:00,ETH/BTC,0.054907,0.055010,0.053484,0.053782,354.191072,19.049062
1657497600,2022-07-11 00:00:00,ETH/BTC,0.056013,0.056216,0.054684,0.054890,272.709528,14.969004
1657411200,2022-07-10 00:00:00,ETH/BTC,0.056396,0.056733,0.055440,0.055984,108.076719,6.050581
1657324800,2022-07-09 00:00:00,ETH/BTC,0.056158,0.056578,0.056059,0.056386,55.529811,3.131117
1657238400,2022-07-08 00:00:00,ETH/BTC,0.057192,0.057382,0.055942,0.056043,621.788059,34.846700
1657152000,2022-07-07 00:00:00,ETH/BTC,0.057712,0.058742,0.056762,0.057241,578.317224,33.103537
1657065600,2022-07-06 00:00:00,ETH/BTC,0.056208,0.058332,0.055990,0.057730,201.236683,11.617410
1656979200,2022-07-05 00:00:00,ETH/BTC,0.056900,0.057492,0.055750,0.056170,228.809878,12.852251
1656892800,2022-07-04 00:00:00,ETH/BTC,0.055633,0.057251,0.054772,0.056896,442.883024,25.198095
1656806400,2022-07-03 00:00:00,ETH/BTC,0.055419,0.056080,0.054915,0.055649,104.297584,5.804052
1656720000,2022-07-02 00:00:00,ETH/BTC,0.054970,0.055595,0.054100,0.055468,222.798721,12.358148
1656633600,2022-07-01 00:00:00,ETH/BTC,0.053624,0.055532,0.053240,0.054884,249.966593,13.719087
1656547200,2022-06-30 00:00:00,ETH/BTC,0.054598,0.054900,0.053038,0.053658,560.043536,30.050995
1656460800,2022-06-29 00:00:00,ETH/BTC,0.056430,0.056763,0.054421,0.054640,261.889090,14.309620
1656374400,2022-06-28 00:00:00,ETH/BTC,0.057480,0.058556,0.056244,0.056424,479.449567,27.052486
1656288000,2022-06-27 00:00:00,ETH/BTC,0.056944,0.058135,0.056934,0.057468,269.900691,15.510653
1656201600,2022-06-26 00:00:00,ETH/BTC,0.057823,0.058882,0.056896,0.056896,168.950421,9.612654
1656115200,2022-06-25 00:00:00,ETH/BTC,0.057674,0.058535,0.056380,0.057786,397.222173,22.953976
1656028800,2022-06-24 00:00:00,ETH/BTC,0.054254,0.058293,0.054254,0.057710,2625.148174,151.497301
1655942400,2022-06-23 00:00:00,ETH/BTC,0.052520,0.054681,0.052511,0.054239,828.367245,44.929786
1655856000,2022-06-22 00:00:00,ETH/BTC,0.054273,0.054390,0.052520,0.052521,460.746252,24.198734
1655769600,2022-06-21 00:00:00,ETH/BTC,0.054762,0.055199,0.053555,0.054270,510.398312,27.699316
1655683200,2022-06-20 00:00:00,ETH/BTC,0.054889,0.055838,0.053519,0.054848,377.998609,20.732551
1655596800,2022-06-19 00:00:00,ETH/BTC,0.052340,0.056297,0.051590,0.054796,998.477010,54.712706
1655510400,2022-06-18 00:00:00,ETH/BTC,0.053036,0.053084,0.049894,0.052464,2445.922149,128.321979
1655424000,2022-06-17 00:00:00,ETH/BTC,0.052184,0.053252,0.051762,0.053127,338.735053,17.996031
1655337600,2022-06-16 00:00:00,ETH/BTC,0.054871,0.055204,0.051944,0.052302,1236.873310,64.690342
1655251200,2022-06-15 00:00:00,ETH/BTC,0.054610,0.055735,0.050383,0.054869,1827.875479,100.293078
1655164800,2022-06-14 00:00:00,ETH/BTC,0.053810,0.055647,0.051072,0.054598,2177.675889,118.896726
1655078400,2022-06-13 00:00:00,ETH/BTC,0.054046,0.054146,0.049082,0.053837,4427.726539,238.375514
1654992000,2022-06-12 00:00:00,ETH/BTC,0.053850,0.054771,0.052314,0.053903,1132.064645,61.022145
1654905600,2022-06-11 00:00:00,ETH/BTC,0.057153,0.057524,0.053072,0.053903,1616.131265,87.114081
1654819200,2022-06-10 00:00:00,ETH/BTC,0.059420,0.059654,0.057037,0.057172,983.848952,56.249006
1654732800,2022-06-09 00:00:00,ETH/BTC,0.059341,0.059869,0.059127,0.059444,408.165791,24.262877
1654646400,2022-06-08 00:00:00,ETH/BTC,0.058285,0.059650,0.058261,0.059335,621.779938,36.893244
1654560000,2022-06-07 00:00:00,ETH/BTC,0.059230,0.059936,0.057636,0.058268,981.900650,57.212984
1654473600,2022-06-06 00:00:00,ETH/BTC,0.060398,0.060982,0.059004,0.059283,742.007127,43.988557
1654387200,2022-06-05 00:00:00,ETH/BTC,0.060438,0.060835,0.060033,0.060357,99.418272,6.000589
1654300800,2022-06-04 00:00:00,ETH/BTC,0.059784,0.060581,0.059273,0.060412,341.776617,20.647351
1654214400,2022-06-03 00:00:00,ETH/BTC,0.060203,0.060255,0.058927,0.059776,817.339411,48.857215
1654128000,2022-06-02 00:00:00,ETH/BTC,0.061013,0.061441,0.059901,0.060184,593.771753,35.735660
1654041600,2022-06-01 00:00:00,ETH/BTC,0.061084,0.061935,0.060130,0.060993,896.724226,54.694197
1653955200,2022-05-31 00:00:00,ETH/BTC,0.062940,0.063262,0.060938,0.061019,868.866700,53.017716
1653868800,2022-05-30 00:00:00,ETH/BTC,0.061540,0.063099,0.061417,0.062940,787.239188,49.548835
1653782400,2022-05-29 00:00:00,ETH/BTC,0.061768,0.061970,0.061112,0.061566,373.166918,22.974312
1653696000,2022-05-28 00:00:00,ETH/BTC,0.060331,0.062221,0.060164,0.061779,750.633613,46.373184
1653609600,2022-05-27 00:00:00,ETH/BTC,0.061576,0.062309,0.059749,0.060326,1635.185895,98.644813
1653523200,2022-05-26 00:00:00,ETH/BTC,0.065768,0.065878,0.061306,0.061377,2047.178054,125.650036
1653436800,2022-05-25 00:00:00,ETH/BTC,0.066780,0.067007,0.065657,0.065720,704.652056,46.309395
1653350400,2022-05-24 00:00:00,ETH/BTC,0.067819,0.067995,0.066373,0.066697,593.436100,39.580675
1653264000,2022-05-23 00:00:00,ETH/BTC,0.067371,0.068313,0.067221,0.067811,415.798208,28.195547
1653177600,2022-05-22 00:00:00,ETH/BTC,0.067099,0.067601,0.066992,0.067443,213.144072,14.374997
1653091200,2022-05-21 00:00:00,ETH/BTC,0.067140,0.067483,0.066845,0.067087,169.634428,11.380275
1653004800,2022-05-20 00:00:00,ETH/BTC,0.066549,0.067589,0.066505,0.067136,380.834416,25.567513
1652918400,2022-05-19 00:00:00,ETH/BTC,0.066709,0.067176,0.066127,0.066615,1144.556414,76.244545
1652832000,2022-05-18 00:00:00,ETH/BTC,0.068746,0.068924,0.066524,0.066682,563.330442,37.563764
1652745600,2022-05-17 00:00:00,ETH/BTC,0.067750,0.069018,0.067750,0.068670,457.577111,31.421925
1652659200,2022-05-16 00:00:00,ETH/BTC,0.068456,0.068595,0.067315,0.067704,530.858241,35.941136
1652572800,2022-05-15 00:00:00,ETH/BTC,0.068400,0.069309,0.067603,0.068467,698.733425,47.840028
1652486400,2022-05-14 00:00:00,ETH/BTC,0.068602,0.069520,0.067806,0.068436,501.681396,34.333088
1652400000,2022-05-13 00:00:00,ETH/BTC,0.067559,0.069550,0.067303,0.068641,1310.607608,89.961404
1652313600,2022-05-12 00:00:00,ETH/BTC,0.071640,0.072704,0.066400,0.067470,5503.937053,371.352890
1652227200,2022-05-11 00:00:00,ETH/BTC,0.075607,0.076935,0.071431,0.071524,4585.006742,327.936647
1652140800,2022-05-10 00:00:00,ETH/BTC,0.074144,0.076261,0.073597,0.075555,1121.095488,84.704280
1652054400,2022-05-09 00:00:00,ETH/BTC,0.073884,0.074416,0.072054,0.074151,1348.620213,100.001443
1651968000,2022-05-08 00:00:00,ETH/BTC,0.074416,0.074827,0.073052,0.074044,789.995706,58.494608
1651881600,2022-05-07 00:00:00,ETH/BTC,0.074781,0.075428,0.074125,0.074264,225.752096,16.765227
1651795200,2022-05-06 00:00:00,ETH/BTC,0.075163,0.075516,0.074174,0.074797,489.999389,36.650303
1651708800,2022-05-05 00:00:00,ETH/BTC,0.074178,0.075696,0.073837,0.075154,581.265762,43.684523
1651622400,2022-05-04 00:00:00,ETH/BTC,0.073652,0.074327,0.072722,0.074176,464.817419,34.478464
1651536000,2022-05-03 00:00:00,ETH/BTC,0.074249,0.074249,0.073392,0.073760,153.186552,11.299040
1651449600,2022-05-02 00:00:00,ETH/BTC,0.073441,0.074357,0.072362,0.074150,1348.574847,99.996380
1651363200,2022-05-01 00:00:00,ETH/BTC,0.072479,0.073735,0.072479,0.073460,271.317141,19.930843
1651276800,2022-04-30 00:00:00,ETH/BTC,0.072966,0.073471,0.072216,0.072216,110.255036,7.962136
1651190400,2022-04-29 00:00:00,ETH/BTC,0.073938,0.074097,0.072641,0.072967,1077.604533,78.630066
1651104000,2022-04-28 00:00:00,ETH/BTC,0.073646,0.074236,0.073030,0.073930,799.806926,59.129726
1651017600,2022-04-27 00:00:00,ETH/BTC,0.073779,0.074469,0.073247,0.073641,410.885901,30.258016
1650931200,2022-04-26 00:00:00,ETH/BTC,0.074343,0.074892,0.073243,0.073764,324.497831,23.936414
1650844800,2022-04-25 00:00:00,ETH/BTC,0.073946,0.075053,0.072865,0.074353,658.375641,48.952020
1650758400,2022-04-24 00:00:00,ETH/BTC,0.074340,0.074833,0.073956,0.074010,132.750397,9.824857
1650672000,2022-04-23 00:00:00,ETH/BTC,0.074570,0.074923,0.074095,0.074440,145.677302,10.844186
1650585600,2022-04-22 00:00:00,ETH/BTC,0.073787,0.075193,0.073772,0.074610,369.907095,27.598835
1650499200,2022-04-21 00:00:00,ETH/BTC,0.074381,0.074416,0.073323,0.073700,819.664106,60.409400
1650412800,2022-04-20 00:00:00,ETH/BTC,0.074729,0.075117,0.074105,0.074318,826.012494,61.387605
1650326400,2022-04-19 00:00:00,ETH/BTC,0.075064,0.075380,0.074426,0.074883,249.687842,18.697375
1650240000,2022-04-18 00:00:00,ETH/BTC,0.075295,0.075361,0.073579,0.075057,522.842314,39.242944
1650153600,2022-04-17 00:00:00,ETH/BTC,0.075767,0.076326,0.075226,0.075305,116.993106,8.810171
1650067200,2022-04-16 00:00:00,ETH/BTC,0.074988,0.075874,0.074880,0.075742,89.025534,6.743001
1649980800,2022-04-15 00:00:00,ETH/BTC,0.075647,0.075760,0.074750,0.075017,133.637895,10.025179
1649894400,2022-04-14 00:00:00,ETH/BTC,0.075746,0.075893,0.074968,0.075685,586.641797,44.399832
1649808000,2022-04-13 00:00:00,ETH/BTC,0.075590,0.076321,0.074958,0.075814,243.990135,18.497839
1649721600,2022-04-12 00:00:00,ETH/BTC,0.075304,0.076000,0.074976,0.075581,358.886793,27.125112
1649635200,2022-04-11 00:00:00,ETH/BTC,0.075988,0.076069,0.073500,0.075437,1339.496077,101.047539
1649548800,2022-04-10 00:00:00,ETH/BTC,0.076206,0.076797,0.075864,0.075890,173.116272,13.137849
1649462400,2022-04-09 00:00:00,ETH/BTC,0.075599,0.076559,0.075366,0.076303,223.117804,17.024625
1649376000,2022-04-08 00:00:00,ETH/BTC,0.074281,0.076000,0.074160,0.075576,462.017099,34.917173
1649289600,2022-04-07 00:00:00,ETH/BTC,0.073400,0.074503,0.073260,0.074361,753.423467,56.025518
1649203200,2022-04-06 00:00:00,ETH/BTC,0.074795,0.074795,0.073090,0.073448,1526.058301,112.085396
1649116800,2022-04-05 00:00:00,ETH/BTC,0.075486,0.075692,0.074740,0.074860,310.734653,23.261596
1649030400,2022-04-04 00:00:00,ETH/BTC,0.075739,0.076172,0.074945,0.075551,232.960193,17.600394
1648944000,2022-04-03 00:00:00,ETH/BTC,0.075247,0.075966,0.074878,0.075816,307.309621,23.298934
1648857600,2022-04-02 00:00:00,ETH/BTC,0.074670,0.075606,0.074343,0.075199,200.350989,15.066102
1648771200,2022-04-01 00:00:00,ETH/BTC,0.072040,0.074892,0.072040,0.074750,3237.877850,242.032179
1648684800,2022-03-31 00:00:00,ETH/BTC,0.071899,0.072570,0.071502,0.072146,533.855022,38.515488
1648598400,2022-03-30 00:00:00,ETH/BTC,0.071618,0.072281,0.071207,0.071853,969.325676,69.648919
1648512000,2022-03-29 00:00:00,ETH/BTC,0.070769,0.072530,0.070697,0.071735,651.913934,46.764785
1648425600,2022-03-28 00:00:00,ETH/BTC,0.070341,0.071400,0.069772,0.070768,622.308986,44.039774
1648339200,2022-03-27 00:00:00,ETH/BTC,0.070591,0.070937,0.069667,0.070420,263.625000,18.564473
1648252800,2022-03-26 00:00:00,ETH/BTC,0.070000,0.070738,0.069829,0.070681,63.390484,4.480493
1648166400,2022-03-25 00:00:00,ETH/BTC,0.070740,0.071417,0.069795,0.070059,944.465797,66.168018
1648080000,2022-03-24 00:00:00,ETH/BTC,0.070777,0.071449,0.070302,0.070711,850.505337,60.139989
1647993600,2022-03-23 00:00:00,ETH/BTC,0.070036,0.071211,0.069692,0.070777,994.978410,70.421866
1647907200,2022-03-22 00:00:00,ETH/BTC,0.070438,0.071448,0.069977,0.070130,561.576814,39.383382
1647820800,2022-03-21 00:00:00,ETH/BTC,0.069310,0.071843,0.069161,0.070546,742.123094,52.353719
1647734400,2022-03-20 00:00:00,ETH/BTC,0.069947,0.070103,0.068826,0.069328,371.053520,25.724369
1647648000,2022-03-19 00:00:00,ETH/BTC,0.070322,0.071040,0.069391,0.069860,378.517764,26.443251
1647561600,2022-03-18 00:00:00,ETH/BTC,0.068715,0.070968,0.068286,0.070393,2190.793212,154.217273
1647475200,2022-03-17 00:00:00,ETH/BTC,0.067483,0.069330,0.066945,0.068723,1257.472398,86.417665
1647388800,2022-03-16 00:00:00,ETH/BTC,0.066653,0.067566,0.065498,0.067446,884.653358,59.666118
1647302400,2022-03-15 00:00:00,ETH/BTC,0.065310,0.067044,0.065236,0.066627,651.799531,43.427271
1647216000,2022-03-14 00:00:00,ETH/BTC,0.066584,0.067261,0.064898,0.065279,322.630298,21.060922
1647129600,2022-03-13 00:00:00,ETH/BTC,0.066216,0.066769,0.065716,0.066610,109.381152,7.285901
1647043200,2022-03-12 00:00:00,ETH/BTC,0.066003,0.066576,0.065851,0.066210,298.535771,19.766053
1646956800,2022-03-11 00:00:00,ETH/BTC,0.066057,0.066892,0.065769,0.066008,279.412030,18.443429
1646870400,2022-03-10 00:00:00,ETH/BTC,0.065069,0.066566,0.064675,0.066103,339.232076,22.424261
1646784000,2022-03-09 00:00:00,ETH/BTC,0.066549,0.066954,0.064089,0.065096,362.018804,23.566077
1646697600,2022-03-08 00:00:00,ETH/BTC,0.065485,0.066772,0.065485,0.066538,347.308363,23.109120
1646611200,2022-03-07 00:00:00,ETH/BTC,0.066416,0.067519,0.065298,0.065691,301.203086,19.786314
1646524800,2022-03-06 00:00:00,ETH/BTC,0.067674,0.068119,0.066374,0.066374,1181.867919,78.445502
1646438400,2022-03-05 00:00:00,ETH/BTC,0.067001,0.068000,0.066896,0.067670,178.199356,12.058750
1646352000,2022-03-04 00:00:00,ETH/BTC,0.066752,0.067143,0.065175,0.067001,2687.270568,180.050487
1646265600,2022-03-03 00:00:00,ETH/BTC,0.067115,0.067458,0.065930,0.066760,392.519764,26.204619
1646179200,2022-03-02 00:00:00,ETH/BTC,0.066965,0.068401,0.066370,0.067115,386.900228,25.966956
1646092800,2022-03-01 00:00:00,ETH/BTC,0.067596,0.068330,0.065833,0.067002,596.433156,39.962375
1646006400,2022-02-28 00:00:00,ETH/BTC,0.069402,0.070014,0.066521,0.067689,512.438546,34.686637
1645920000,2022-02-27 00:00:00,ETH/BTC,0.071118,0.071693,0.068891,0.069542,602.707036,41.913640
1645833600,2022-02-26 00:00:00,ETH/BTC,0.070599,0.072120,0.070516,0.071100,1918.233415,136.385628
1645747200,2022-02-25 00:00:00,ETH/BTC,0.067828,0.071692,0.067391,0.070544,903.784677,63.756631
1645660800,2022-02-24 00:00:00,ETH/BTC,0.069238,0.070372,0.066686,0.067702,1854.396684,125.545511
1645574400,2022-02-23 00:00:00,ETH/BTC,0.069048,0.070721,0.068703,0.069244,603.973251,41.821282
1645488000,2022-02-22 00:00:00,ETH/BTC,0.069551,0.069971,0.068046,0.068856,430.133058,29.617035
1645401600,2022-02-21 00:00:00,ETH/BTC,0.068220,0.070421,0.068203,0.069367,695.031056,48.212275
1645315200,2022-02-20 00:00:00,ETH/BTC,0.068907,0.069489,0.067362,0.068323,500.129194,34.170237
1645228800,2022-02-19 00:00:00,ETH/BTC,0.069530,0.070410,0.068000,0.068930,276.755738,19.076762
1645142400,2022-02-18 00:00:00,ETH/BTC,0.071415,0.071928,0.069085,0.069583,1245.287854,86.650778
1645056000,2022-02-17 00:00:00,ETH/BTC,0.071264,0.071585,0.069808,0.071404,383.302246,27.369390
1644969600,2022-02-16 00:00:00,ETH/BTC,0.071491,0.071977,0.070131,0.071195,584.367895,41.604230
1644883200,2022-02-15 00:00:00,ETH/BTC,0.068899,0.071722,0.068526,0.071502,657.141419,46.987221
1644796800,2022-02-14 00:00:00,ETH/BTC,0.068281,0.069406,0.067849,0.068965,513.735141,35.429626
1644710400,2022-02-13 00:00:00,ETH/BTC,0.068966,0.069330,0.067709,0.068280,291.384149,19.895666
1644624000,2022-02-12 00:00:00,ETH/BTC,0.069014,0.069927,0.068168,0.069107,264.476354,18.277149
1644537600,2022-02-11 00:00:00,ETH/BTC,0.070480,0.071693,0.068356,0.069120,605.662030,41.863275
1644451200,2022-02-10 00:00:00,ETH/BTC,0.073141,0.073288,0.070182,0.070605,1606.770246,113.446736
1644364800,2022-02-09 00:00:00,ETH/BTC,0.070707,0.073283,0.070565,0.073119,622.714236,45.532460
1644278400,2022-02-08 00:00:00,ETH/BTC,0.071756,0.071781,0.070325,0.070753,1989.886901,140.789931
1644192000,2022-02-07 00:00:00,ETH/BTC,0.072042,0.072555,0.071083,0.071694,625.378038,44.835822
1644105600,2022-02-06 00:00:00,ETH/BTC,0.072864,0.073009,0.071538,0.072144,200.859002,14.490740
1644019200,2022-02-05 00:00:00,ETH/BTC,0.072076,0.073155,0.071342,0.072846,324.414557,23.632442
1643932800,2022-02-04 00:00:00,ETH/BTC,0.072207,0.075078,0.071652,0.072092,1220.138005,87.961603
1643846400,2022-02-03 00:00:00,ETH/BTC,0.072635,0.073524,0.070865,0.072140,387.559775,27.958562
1643760000,2022-02-02 00:00:00,ETH/BTC,0.071992,0.073133,0.070871,0.072574,914.058717,66.337153
1643673600,2022-02-01 00:00:00,ETH/BTC,0.069856,0.072192,0.069856,0.072106,527.623728,38.044752
1643587200,2022-01-31 00:00:00,ETH/BTC,0.068631,0.070202,0.067324,0.069830,562.645100,39.289507
1643500800,2022-01-30 00:00:00,ETH/BTC,0.068063,0.069183,0.067615,0.068635,266.164678,18.268143
1643414400,2022-01-29 00:00:00,ETH/BTC,0.067510,0.068712,0.067021,0.068198,554.391265,37.808242
1643328000,2022-01-28 00:00:00,ETH/BTC,0.065210,0.067625,0.064493,0.067508,631.537120,42.633770
1643241600,2022-01-27 00:00:00,ETH/BTC,0.066932,0.068007,0.064692,0.065303,3047.098431,198.985888
1643155200,2022-01-26 00:00:00,ETH/BTC,0.066392,0.069930,0.065563,0.067090,2473.872397,165.972495
1643068800,2022-01-25 00:00:00,ETH/BTC,0.066541,0.067081,0.065616,0.066477,813.809167,54.099201
1642982400,2022-01-24 00:00:00,ETH/BTC,0.070086,0.070088,0.064671,0.066586,2822.432937,187.933249
1642896000,2022-01-23 00:00:00,ETH/BTC,0.068634,0.070790,0.068303,0.070036,742.224028,51.982053
1642809600,2022-01-22 00:00:00,ETH/BTC,0.070514,0.071638,0.067338,0.068783,2073.831208,142.644415
1642723200,2022-01-21 00:00:00,ETH/BTC,0.073838,0.074007,0.068803,0.070480,2117.226197,149.222102
1642636800,2022-01-20 00:00:00,ETH/BTC,0.074065,0.075420,0.073630,0.073793,711.150721,52.477945
1642550400,2022-01-19 00:00:00,ETH/BTC,0.074620,0.074908,0.073801,0.074031,664.279868,49.177515
1642464000,2022-01-18 00:00:00,ETH/BTC,0.076046,0.076440,0.074422,0.074628,523.670508,39.080734
1642377600,2022-01-17 00:00:00,ETH/BTC,0.077788,0.077795,0.075500,0.076040,577.663286,43.925355
1642291200,2022-01-16 00:00:00,ETH/BTC,0.077199,0.078106,0.076793,0.077758,522.118408,40.598643
1642204800,2022-01-15 00:00:00,ETH/BTC,0.076869,0.077757,0.076602,0.077062,245.430601,18.913343
1642118400,2022-01-14 00:00:00,ETH/BTC,0.076089,0.077127,0.075890,0.076821,315.230742,24.216259
1642032000,2022-01-13 00:00:00,ETH/BTC,0.076825,0.076944,0.076099,0.076099,401.883349,30.582776
1641945600,2022-01-12 00:00:00,ETH/BTC,0.075886,0.077392,0.075444,0.076750,930.781920,71.437512
1641859200,2022-01-11 00:00:00,ETH/BTC,0.073778,0.076173,0.073304,0.075842,1991.845263,151.065409
1641772800,2022-01-10 00:00:00,ETH/BTC,0.075247,0.075540,0.072836,0.073767,1180.789280,87.103236
1641686400,2022-01-09 00:00:00,ETH/BTC,0.073884,0.075573,0.073751,0.075295,422.642059,31.822745
1641600000,2022-01-08 00:00:00,ETH/BTC,0.076909,0.077096,0.073404,0.073938,963.499837,71.239501
1641513600,2022-01-07 00:00:00,ETH/BTC,0.079021,0.079148,0.075339,0.076946,2401.950549,184.819622
1641427200,2022-01-06 00:00:00,ETH/BTC,0.081450,0.081450,0.077649,0.079037,1194.337017,94.396504
1641340800,2022-01-05 00:00:00,ETH/BTC,0.082550,0.082550,0.080217,0.081387,1330.651697,108.297856
1641254400,2022-01-04 00:00:00,ETH/BTC,0.081070,0.082902,0.080715,0.082610,764.237188,63.133634
1641168000,2022-01-03 00:00:00,ETH/BTC,0.081001,0.081491,0.080440,0.081029,705.171365,57.139556
1641081600,2022-01-02 00:00:00,ETH/BTC,0.078863,0.081288,0.078863,0.080948,1180.742719,95.578738
1640995200,2022-01-01 00:00:00,ETH/BTC,0.079613,0.080171,0.078500,0.078870,558.956001,44.084619
1640908800,2021-12-31 00:00:00,ETH/BTC,0.078747,0.079782,0.078344,0.079570,1152.318200,91.689959
1640822400,2021-12-30 00:00:00,ETH/BTC,0.078083,0.079245,0.077852,0.078750,613.486436,48.311842
1640736000,2021-12-29 00:00:00,ETH/BTC,0.079760,0.080003,0.078050,0.078050,562.806741,43.927066
1640649600,2021-12-28 00:00:00,ETH/BTC,0.079583,0.080263,0.078960,0.079817,872.942393,69.675617
1640563200,2021-12-27 00:00:00,ETH/BTC,0.080083,0.080356,0.079213,0.079612,620.860365,49.428004
1640476800,2021-12-26 00:00:00,ETH/BTC,0.081256,0.081404,0.079841,0.080080,375.696131,30.085746
1640390400,2021-12-25 00:00:00,ETH/BTC,0.079665,0.081238,0.079328,0.081238,643.197058,52.252338
1640304000,2021-12-24 00:00:00,ETH/BTC,0.080949,0.081062,0.079362,0.079602,770.355361,61.321958
1640217600,2021-12-23 00:00:00,ETH/BTC,0.081980,0.082362,0.080611,0.080900,881.107489,71.281596
1640131200,2021-12-22 00:00:00,ETH/BTC,0.082100,0.082868,0.081151,0.081860,621.415324,50.869002
1640044800,2021-12-21 00:00:00,ETH/BTC,0.084108,0.084695,0.081679,0.082185,1170.129614,96.167676
1639958400,2021-12-20 00:00:00,ETH/BTC,0.084134,0.084650,0.081980,0.084034,844.044814,70.928622
1639872000,2021-12-19 00:00:00,ETH/BTC,0.084500,0.084670,0.082592,0.084069,772.061019,64.906321
1639785600,2021-12-18 00:00:00,ETH/BTC,0.083970,0.085150,0.082693,0.084575,672.550291,56.880753
1639699200,2021-12-17 00:00:00,ETH/BTC,0.083061,0.084041,0.080396,0.083970,1073.938278,90.178597
1639612800,2021-12-16 00:00:00,ETH/BTC,0.082342,0.084811,0.081948,0.083072,1983.285385,164.756118
1639526400,2021-12-15 00:00:00,ETH/BTC,0.079892,0.083138,0.078265,0.082201,3592.500541,295.307353
1639440000,2021-12-14 00:00:00,ETH/BTC,0.081032,0.081547,0.079333,0.079800,1008.833317,80.504899
1639353600,2021-12-13 00:00:00,ETH/BTC,0.082557,0.082576,0.079954,0.080947,2307.467674,186.781732
1639267200,2021-12-12 00:00:00,ETH/BTC,0.082656,0.082829,0.080960,0.082480,1276.659938,105.298912
1639180800,2021-12-11 00:00:00,ETH/BTC,0.082656,0.083749,0.081547,0.082708,900.663888,74.492334
1639094400,2021-12-10 00:00:00,ETH/BTC,0.086273,0.086535,0.082440,0.082786,2213.218816,183.223312
1639008000,2021-12-09 00:00:00,ETH/BTC,0.087972,0.088420,0.085960,0.086344,1276.749293,110.239718
1638921600,2021-12-08 00:00:00,ETH/BTC,0.085260,0.088024,0.085035,0.087865,1182.963810,103.941541
1638835200,2021-12-07 00:00:00,ETH/BTC,0.086260,0.086337,0.084234,0.085065,779.820158,66.335706
1638748800,2021-12-06 00:00:00,ETH/BTC,0.084926,0.087407,0.082836,0.086219,4862.653713,419.253967
1638662400,2021-12-05 00:00:00,ETH/BTC,0.083710,0.085740,0.083560,0.084914,1646.949691,139.848806
1638576000,2021-12-04 00:00:00,ETH/BTC,0.078618,0.084330,0.077844,0.083750,6559.645832,549.372831
1638489600,2021-12-03 00:00:00,ETH/BTC,0.079793,0.081041,0.077412,0.078716,2779.724534,218.808602
1638403200,2021-12-02 00:00:00,ETH/BTC,0.080024,0.080900,0.078883,0.079848,1420.509127,113.424969
1638316800,2021-12-01 00:00:00,ETH/BTC,0.081351,0.083612,0.079712,0.080110,2894.578007,231.884644
1638230400,2021-11-30 00:00:00,ETH/BTC,0.076908,0.081509,0.076908,0.081300,4073.536853,331.178546
1638144000,2021-11-29 00:00:00,ETH/BTC,0.075056,0.076950,0.074938,0.076887,1667.563350,128.213743
1638057600,2021-11-28 00:00:00,ETH/BTC,0.074865,0.075771,0.074105,0.075030,877.357168,65.828108
1637971200,2021-11-27 00:00:00,ETH/BTC,0.075153,0.076016,0.074630,0.074843,355.959042,26.641192
1637884800,2021-11-26 00:00:00,ETH/BTC,0.076725,0.076990,0.073120,0.075270,2272.041146,171.016537
1637798400,2021-11-25 00:00:00,ETH/BTC,0.074680,0.076838,0.074150,0.076700,1843.129393,141.368024
1637712000,2021-11-24 00:00:00,ETH/BTC,0.075449,0.075990,0.074000,0.074743,1387.550967,103.709764
1637625600,2021-11-23 00:00:00,ETH/BTC,0.072670,0.076060,0.072486,0.075420,1604.332038,120.998722
1637539200,2021-11-22 00:00:00,ETH/BTC,0.072601,0.073489,0.071858,0.072641,2307.100855,167.590944
1637452800,2021-11-21 00:00:00,ETH/BTC,0.073870,0.074189,0.072462,0.072710,632.322268,45.976215
1637366400,2021-11-20 00:00:00,ETH/BTC,0.073944,0.074400,0.073025,0.073897,525.043348,38.799354
1637280000,2021-11-19 00:00:00,ETH/BTC,0.070263,0.074360,0.070045,0.073992,4570.425554,338.175842
1637193600,2021-11-18 00:00:00,ETH/BTC,0.071060,0.071608,0.069692,0.070296,1571.593091,110.476331
1637107200,2021-11-17 00:00:00,ETH/BTC,0.070136,0.071159,0.069367,0.070990,825.691069,58.615421
1637020800,2021-11-16 00:00:00,ETH/BTC,0.071762,0.071969,0.069472,0.070037,3264.706302,228.650039
1636934400,2021-11-15 00:00:00,ETH/BTC,0.070656,0.072558,0.070380,0.071750,1864.299692,133.763503
1636848000,2021-11-14 00:00:00,ETH/BTC,0.072061,0.072061,0.070589,0.070650,417.939814,29.527615
1636761600,2021-11-13 00:00:00,ETH/BTC,0.072810,0.073073,0.072063,0.072156,669.260500,48.291468
1636675200,2021-11-12 00:00:00,ETH/BTC,0.072838,0.073691,0.071680,0.072768,1165.340596,84.799481
1636588800,2021-11-11 00:00:00,ETH/BTC,0.071403,0.073415,0.071060,0.072833,1068.025758,77.787573
1636502400,2021-11-10 00:00:00,ETH/BTC,0.070681,0.071460,0.070046,0.071410,1915.595555,136.792679
1636416000,2021-11-09 00:00:00,ETH/BTC,0.071182,0.071779,0.070230,0.070730,2281.303093,161.356568
1636329600,2021-11-08 00:00:00,ETH/BTC,0.072920,0.072940,0.070940,0.071245,2258.129468,160.881157
1636243200,2021-11-07 00:00:00,ETH/BTC,0.073354,0.074786,0.072928,0.072928,1096.844824,79.990261
1636156800,2021-11-06 00:00:00,ETH/BTC,0.073392,0.073750,0.072047,0.073473,878.571405,64.550987
1636070400,2021-11-05 00:00:00,ETH/BTC,0.073795,0.073813,0.072832,0.073419,714.176568,52.434129
1635984000,2021-11-04 00:00:00,ETH/BTC,0.073218,0.074000,0.072620,0.073830,816.217253,60.260944
1635897600,2021-11-03 00:00:00,ETH/BTC,0.072580,0.074590,0.072172,0.073188,2580.655276,188.872560
1635811200,2021-11-02 00:00:00,ETH/BTC,0.070897,0.073045,0.069988,0.072580,2163.716234,157.042524
1635724800,2021-11-01 00:00:00,ETH/BTC,0.069922,0.071370,0.069150,0.070920,2042.884841,144.881393
1635638400,2021-10-31 00:00:00,ETH/BTC,0.069749,0.071211,0.069129,0.069940,1017.651498,71.174546
1635552000,2021-10-30 00:00:00,ETH/BTC,0.070960,0.071211,0.069307,0.069904,1469.380127,102.715108
1635465600,2021-10-29 00:00:00,ETH/BTC,0.070760,0.071770,0.070223,0.070960,2287.505134,162.321913
1635379200,2021-10-28 00:00:00,ETH/BTC,0.067157,0.071400,0.066986,0.070740,4318.009300,305.455978
1635292800,2021-10-27 00:00:00,ETH/BTC,0.068510,0.070333,0.066987,0.067220,3888.457301,261.382100
1635206400,2021-10-26 00:00:00,ETH/BTC,0.066968,0.069382,0.066805,0.068500,1892.599304,129.643052
1635120000,2021-10-25 00:00:00,ETH/BTC,0.067112,0.067223,0.065270,0.066905,1246.322938,83.385523
1635033600,2021-10-24 00:00:00,ETH/BTC,0.068050,0.068150,0.066222,0.067111,881.814736,59.179442
1634947200,2021-10-23 00:00:00,ETH/BTC,0.065425,0.068066,0.065250,0.068020,1168.051933,79.450893
1634860800,2021-10-22 00:00:00,ETH/BTC,0.065137,0.065950,0.064662,0.065399,2173.998333,142.177034
1634774400,2021-10-21 00:00:00,ETH/BTC,0.063094,0.066292,0.062910,0.065210,5321.226585,346.997132
1634688000,2021-10-20 00:00:00,ETH/BTC,0.060296,0.063146,0.060040,0.063042,2748.563721,173.275669
1634601600,2021-10-19 00:00:00,ETH/BTC,0.060503,0.061395,0.059320,0.060359,2429.449435,146.639333
1634515200,2021-10-18 00:00:00,ETH/BTC,0.062516,0.062696,0.060179,0.060470,4207.346495,254.418243
1634428800,2021-10-17 00:00:00,ETH/BTC,0.062854,0.064427,0.061762,0.062588,3492.669227,218.599391
1634342400,2021-10-16 00:00:00,ETH/BTC,0.062762,0.064427,0.061918,0.062894,1968.016570,123.776159
1634256000,2021-10-15 00:00:00,ETH/BTC,0.066103,0.066181,0.061958,0.062675,3066.529699,192.193890
1634169600,2021-10-14 00:00:00,ETH/BTC,0.062894,0.066850,0.062053,0.066087,2703.857300,178.689520
1634083200,2021-10-13 00:00:00,ETH/BTC,0.062349,0.063242,0.061201,0.062880,1473.379180,92.645641
1633996800,2021-10-12 00:00:00,ETH/BTC,0.061688,0.063379,0.059940,0.062330,2841.311860,177.098968
1633910400,2021-10-11 00:00:00,ETH/BTC,0.062460,0.063980,0.060829,0.061658,2695.467566,166.196600
1633824000,2021-10-10 00:00:00,ETH/BTC,0.064985,0.065135,0.062464,0.062478,1746.742480,109.132627
1633737600,2021-10-09 00:00:00,ETH/BTC,0.066041,0.066125,0.064985,0.064985,355.037651,23.072104
1633651200,2021-10-08 00:00:00,ETH/BTC,0.066671,0.066969,0.065048,0.065996,1594.914075,105.257806
1633564800,2021-10-07 00:00:00,ETH/BTC,0.064624,0.067240,0.064013,0.066683,1912.681761,127.543358
1633478400,2021-10-06 00:00:00,ETH/BTC,0.068330,0.068790,0.064459,0.064638,5078.442819,328.259930
1633392000,2021-10-05 00:00:00,ETH/BTC,0.068805,0.069165,0.067962,0.068304,3516.307012,240.178362
1633305600,2021-10-04 00:00:00,ETH/BTC,0.070978,0.070984,0.068716,0.068752,2477.313804,170.321071
1633219200,2021-10-03 00:00:00,ETH/BTC,0.071083,0.071750,0.070467,0.070918,1131.815756,80.266031
1633132800,2021-10-02 00:00:00,ETH/BTC,0.068784,0.071943,0.068460,0.071144,2198.916136,156.440393
1633046400,2021-10-01 00:00:00,ETH/BTC,0.068434,0.069666,0.067492,0.068712,2450.881928,168.404411
1632960000,2021-09-30 00:00:00,ETH/BTC,0.068578,0.069756,0.068341,0.068468,1223.202788,83.749943
1632873600,2021-09-29 00:00:00,ETH/BTC,0.068435,0.069478,0.067923,0.068660,1371.120858,94.141336
1632787200,2021-09-28 00:00:00,ETH/BTC,0.069371,0.069953,0.067981,0.068413,1607.132268,109.948483
1632700800,2021-09-27 00:00:00,ETH/BTC,0.070876,0.071628,0.069170,0.069460,976.745620,67.844751
1632614400,2021-09-26 00:00:00,ETH/BTC,0.068449,0.071171,0.066640,0.070916,2961.741283,210.034016
1632528000,2021-09-25 00:00:00,ETH/BTC,0.068395,0.069162,0.067283,0.068463,2885.146290,197.525395
1632441600,2021-09-24 00:00:00,ETH/BTC,0.070256,0.070280,0.066511,0.068382,8097.619241,553.727431
1632355200,2021-09-23 00:00:00,ETH/BTC,0.070651,0.071258,0.069870,0.070210,2220.119334,155.874268
1632268800,2021-09-22 00:00:00,ETH/BTC,0.067891,0.070653,0.067428,0.070646,3609.868851,255.024239
1632182400,2021-09-21 00:00:00,ETH/BTC,0.069236,0.071181,0.066962,0.067830,7313.543804,496.077676
1632096000,2021-09-20 00:00:00,ETH/BTC,0.070430,0.070909,0.068673,0.069195,6841.988233,473.429392
1632009600,2021-09-19 00:00:00,ETH/BTC,0.071110,0.071706,0.069789,0.070443,1795.605942,126.487851
1631923200,2021-09-18 00:00:00,ETH/BTC,0.071806,0.072722,0.070632,0.071085,1614.722302,114.782858
1631836800,2021-09-17 00:00:00,ETH/BTC,0.074716,0.074905,0.071475,0.071910,3087.596361,222.029054
1631750400,2021-09-16 00:00:00,ETH/BTC,0.075101,0.076106,0.073986,0.074725,5666.663475,423.442732
1631664000,2021-09-15 00:00:00,ETH/BTC,0.072913,0.075101,0.071664,0.075101,5830.653844,437.889217
1631577600,2021-09-14 00:00:00,ETH/BTC,0.073081,0.073698,0.071486,0.072908,3627.888871,264.503355
1631491200,2021-09-13 00:00:00,ETH/BTC,0.073896,0.074113,0.071318,0.073076,2577.421204,188.348302
1631404800,2021-09-12 00:00:00,ETH/BTC,0.072255,0.075248,0.072102,0.073994,639.898364,47.348371
1631318400,2021-09-11 00:00:00,ETH/BTC,0.071560,0.073552,0.071514,0.072380,1861.488887,134.734566
1631232000,2021-09-10 00:00:00,ETH/BTC,0.073990,0.074743,0.070891,0.071530,4468.889607,319.659674
1631145600,2021-09-09 00:00:00,ETH/BTC,0.076080,0.076648,0.073670,0.073838,1228.354732,90.699208
1631059200,2021-09-08 00:00:00,ETH/BTC,0.073282,0.076344,0.072219,0.075827,2490.691103,188.861684
1630972800,2021-09-07 00:00:00,ETH/BTC,0.074514,0.075220,0.069330,0.073190,8881.111568,650.005891
1630886400,2021-09-06 00:00:00,ETH/BTC,0.076237,0.076790,0.074432,0.074639,809.406026,60.413127
1630800000,2021-09-05 00:00:00,ETH/BTC,0.077977,0.078760,0.076039,0.076400,769.146736,58.762811
1630713600,2021-09-04 00:00:00,ETH/BTC,0.078810,0.079310,0.077042,0.077825,1513.157434,117.761417
1630627200,2021-09-03 00:00:00,ETH/BTC,0.076913,0.079503,0.076426,0.078794,2121.637154,167.172278
1630540800,2021-09-02 00:00:00,ETH/BTC,0.078393,0.078393,0.074575,0.076875,2446.684960,188.087977
1630454400,2021-09-01 00:00:00,ETH/BTC,0.072714,0.078566,0.072473,0.078540,6195.112959,486.564172
1630368000,2021-08-31 00:00:00,ETH/BTC,0.068788,0.072930,0.068312,0.072893,1447.120357,105.485248
1630281600,2021-08-30 00:00:00,ETH/BTC,0.066098,0.069158,0.065758,0.068620,1163.537771,79.841962
1630195200,2021-08-29 00:00:00,ETH/BTC,0.066426,0.066587,0.065632,0.066061,412.543779,27.253001
1630108800,2021-08-28 00:00:00,ETH/BTC,0.066765,0.066886,0.066011,0.066322,303.102567,20.102499
1630022400,2021-08-27 00:00:00,ETH/BTC,0.065965,0.067447,0.065724,0.066575,912.598744,60.755842
1629936000,2021-08-26 00:00:00,ETH/BTC,0.065870,0.066613,0.065435,0.065965,930.882182,61.405355
1629849600,2021-08-25 00:00:00,ETH/BTC,0.066490,0.066797,0.065220,0.065882,695.193167,45.800702
1629763200,2021-08-24 00:00:00,ETH/BTC,0.067319,0.067635,0.065289,0.066470,1638.121820,108.885155
1629676800,2021-08-23 00:00:00,ETH/BTC,0.065759,0.067609,0.065415,0.066995,1951.977395,130.773565
1629590400,2021-08-22 00:00:00,ETH/BTC,0.066043,0.066475,0.064864,0.065776,1013.129750,66.639714
1629504000,2021-08-21 00:00:00,ETH/BTC,0.066540,0.067561,0.065540,0.065990,2371.651356,156.505273
1629417600,2021-08-20 00:00:00,ETH/BTC,0.068166,0.070886,0.066222,0.066658,3118.930908,207.900605
1629331200,2021-08-19 00:00:00,ETH/BTC,0.067520,0.068160,0.066317,0.068130,4100.121679,279.341290
1629244800,2021-08-18 00:00:00,ETH/BTC,0.067380,0.068078,0.066460,0.067373,2926.608747,197.173123
1629158400,2021-08-17 00:00:00,ETH/BTC,0.068560,0.069963,0.067205,0.067449,1945.083745,131.194518
1629072000,2021-08-16 00:00:00,ETH/BTC,0.070430,0.070550,0.068557,0.068557,1476.805776,101.245034
1628985600,2021-08-15 00:00:00,ETH/BTC,0.069450,0.070422,0.068100,0.070420,922.206434,64.941777
1628899200,2021-08-14 00:00:00,ETH/BTC,0.069480,0.069929,0.069050,0.069350,901.815227,62.540886
1628812800,2021-08-13 00:00:00,ETH/BTC,0.068594,0.070293,0.068594,0.069473,2425.720363,168.522119
1628726400,2021-08-12 00:00:00,ETH/BTC,0.069389,0.070318,0.067829,0.068504,2070.051209,141.806602
1628640000,2021-08-11 00:00:00,ETH/BTC,0.069035,0.070270,0.068880,0.069410,1969.379637,136.694641
1628553600,2021-08-10 00:00:00,ETH/BTC,0.068391,0.070162,0.067691,0.068920,1598.754299,110.186146
1628467200,2021-08-09 00:00:00,ETH/BTC,0.068800,0.069059,0.066881,0.068343,1952.039185,133.408429
1628380800,2021-08-08 00:00:00,ETH/BTC,0.070770,0.071257,0.067876,0.068760,1222.067623,84.029370
1628294400,2021-08-07 00:00:00,ETH/BTC,0.067412,0.071558,0.067026,0.070780,3034.038883,214.749272
1628208000,2021-08-06 00:00:00,ETH/BTC,0.069161,0.069646,0.066669,0.067547,1972.151424,133.212183
1628121600,2021-08-05 00:00:00,ETH/BTC,0.068534,0.073231,0.067512,0.069179,4328.585210,299.447456
1628035200,2021-08-04 00:00:00,ETH/BTC,0.065750,0.069357,0.065260,0.068610,2682.968750,184.078486
1627948800,2021-08-03 00:00:00,ETH/BTC,0.066582,0.066724,0.063927,0.065699,2023.120343,132.916781
1627862400,2021-08-02 00:00:00,ETH/BTC,0.064130,0.067024,0.063599,0.066601,4075.363966,271.423560
1627776000,2021-08-01 00:00:00,ETH/BTC,0.061097,0.065058,0.061043,0.064075,2160.963567,138.462660
1627689600,2021-07-31 00:00:00,ETH/BTC,0.058344,0.061097,0.058123,0.061097,1476.159175,90.188897
1627603200,2021-07-30 00:00:00,ETH/BTC,0.059630,0.060913,0.058352,0.058370,2764.463555,161.361710
1627516800,2021-07-29 00:00:00,ETH/BTC,0.057470,0.059722,0.057170,0.059512,1495.335766,88.990033
1627430400,2021-07-28 00:00:00,ETH/BTC,0.058290,0.058437,0.057030,0.057413,3056.804558,175.498914
1627344000,2021-07-27 00:00:00,ETH/BTC,0.059786,0.060309,0.058272,0.058272,2059.144363,119.991305
1627257600,2021-07-26 00:00:00,ETH/BTC,0.061905,0.062514,0.058560,0.059882,5651.831910,338.443959
1627171200,2021-07-25 00:00:00,ETH/BTC,0.063843,0.063843,0.061924,0.061924,448.858607,27.794918
1627084800,2021-07-24 00:00:00,ETH/BTC,0.062968,0.064044,0.062841,0.063863,553.568088,35.352502
1626998400,2021-07-23 00:00:00,ETH/BTC,0.062702,0.063830,0.062263,0.063223,1140.870545,72.129327
1626912000,2021-07-22 00:00:00,ETH/BTC,0.062063,0.062823,0.061281,0.062678,824.023435,51.647976
1626825600,2021-07-21 00:00:00,ETH/BTC,0.060014,0.062248,0.059502,0.062072,3460.398031,214.792131
1626739200,2021-07-20 00:00:00,ETH/BTC,0.058934,0.060649,0.057796,0.059992,1139.769376,68.376475
1626652800,2021-07-19 00:00:00,ETH/BTC,0.059796,0.060262,0.058786,0.059020,892.629226,52.682977
1626566400,2021-07-18 00:00:00,ETH/BTC,0.060241,0.062080,0.059520,0.059750,643.072291,38.423569
1626480000,2021-07-17 00:00:00,ETH/BTC,0.059680,0.060230,0.059089,0.060210,254.655377,15.332780
1626393600,2021-07-16 00:00:00,ETH/BTC,0.060270,0.061370,0.059121,0.059859,588.362737,35.219093
1626307200,2021-07-15 00:00:00,ETH/BTC,0.060706,0.061650,0.059726,0.060168,849.702657,51.125317
1626220800,2021-07-14 00:00:00,ETH/BTC,0.059250,0.061371,0.058417,0.060728,3677.200158,223.307687
1626134400,2021-07-13 00:00:00,ETH/BTC,0.061299,0.061505,0.059275,0.059275,754.021105,44.694842
1626048000,2021-07-12 00:00:00,ETH/BTC,0.062404,0.062980,0.061061,0.061449,1197.949933,73.612634
1625961600,2021-07-11 00:00:00,ETH/BTC,0.063028,0.063305,0.062379,0.062485,1515.258420,94.680544
1625875200,2021-07-10 00:00:00,ETH/BTC,0.063483,0.064034,0.062100,0.062961,1225.659765,77.168985
1625788800,2021-07-09 00:00:00,ETH/BTC,0.064399,0.065098,0.063151,0.063517,1911.118142,121.388873
1625702400,2021-07-08 00:00:00,ETH/BTC,0.068370,0.068891,0.064124,0.064390,1855.260152,119.460201
1625616000,2021-07-07 00:00:00,ETH/BTC,0.067870,0.069019,0.067460,0.068380,1793.036718,122.607869
1625529600,2021-07-06 00:00:00,ETH/BTC,0.065174,0.068580,0.065174,0.067896,1441.171966,97.849581
1625443200,2021-07-05 00:00:00,ETH/BTC,0.065877,0.066896,0.064759,0.065113,784.395290,51.074056
1625356800,2021-07-04 00:00:00,ETH/BTC,0.064241,0.066633,0.063676,0.065732,844.952978,55.540204
1625270400,2021-07-03 00:00:00,ETH/BTC,0.063840,0.064492,0.063375,0.064198,190.485418,12.228811
1625184000,2021-07-02 00:00:00,ETH/BTC,0.062862,0.064034,0.061523,0.063661,1128.203363,71.822543
1625097600,2021-07-01 00:00:00,ETH/BTC,0.064969,0.064994,0.062701,0.062880,2775.995851,174.554619
1625011200,2021-06-30 00:00:00,ETH/BTC,0.060250,0.065319,0.059957,0.064894,2411.546656,156.495463
1624924800,2021-06-29 00:00:00,ETH/BTC,0.060375,0.061708,0.060170,0.060237,2064.508606,124.359495
1624838400,2021-06-28 00:00:00,ETH/BTC,0.057183,0.061999,0.056934,0.060434,1619.117704,97.849079
1624752000,2021-06-27 00:00:00,ETH/BTC,0.056624,0.057250,0.055205,0.057102,956.659161,54.626979
1624665600,2021-06-26 00:00:00,ETH/BTC,0.057293,0.057523,0.056090,0.056800,1360.676624,77.286527
1624579200,2021-06-25 00:00:00,ETH/BTC,0.057443,0.058385,0.055263,0.057293,3337.658876,191.223656
1624492800,2021-06-24 00:00:00,ETH/BTC,0.058425,0.058735,0.056983,0.057384,893.763633,51.287402
1624406400,2021-06-23 00:00:00,ETH/BTC,0.057722,0.059577,0.057061,0.058528,2998.281899,175.482364
1624320000,2021-06-22 00:00:00,ETH/BTC,0.059700,0.060950,0.057451,0.057788,4217.693858,243.731671
1624233600,2021-06-21 00:00:00,ETH/BTC,0.063087,0.063461,0.059087,0.059674,7227.068498,431.266712
1624147200,2021-06-20 00:00:00,ETH/BTC,0.060999,0.063523,0.060900,0.062995,887.955265,55.937168
1624060800,2021-06-19 00:00:00,ETH/BTC,0.062406,0.063103,0.061029,0.061029,720.732960,43.985583
1623974400,2021-06-18 00:00:00,ETH/BTC,0.062330,0.062444,0.060363,0.062341,3065.250022,191.089801
1623888000,2021-06-17 00:00:00,ETH/BTC,0.061715,0.062745,0.060990,0.062266,1145.027033,71.296230
1623801600,2021-06-16 00:00:00,ETH/BTC,0.063393,0.063393,0.061479,0.061780,1811.167792,111.893946
1623715200,2021-06-15 00:00:00,ETH/BTC,0.063807,0.065112,0.062996,0.063405,1520.149912,96.384512
1623628800,2021-06-14 00:00:00,ETH/BTC,0.064280,0.064465,0.062444,0.063769,2011.198038,128.252711
1623542400,2021-06-13 00:00:00,ETH/BTC,0.066790,0.067600,0.063601,0.064250,1448.006657,93.034428
1623456000,2021-06-12 00:00:00,ETH/BTC,0.063104,0.068120,0.062817,0.066798,2214.742292,147.939979
1623369600,2021-06-11 00:00:00,ETH/BTC,0.067290,0.067440,0.062765,0.063050,2337.152141,147.357442
1623283200,2021-06-10 00:00:00,ETH/BTC,0.069740,0.069843,0.066945,0.067344,3363.220353,226.491063
1623196800,2021-06-09 00:00:00,ETH/BTC,0.075145,0.075292,0.069345,0.069844,3380.659238,236.119710
1623110400,2021-06-08 00:00:00,ETH/BTC,0.077230,0.077560,0.074299,0.075163,3928.925069,295.310895
1623024000,2021-06-07 00:00:00,ETH/BTC,0.075777,0.077600,0.075540,0.077143,2759.492936,212.875508
1622937600,2021-06-06 00:00:00,ETH/BTC,0.073940,0.075938,0.073672,0.075784,1153.776370,87.438158
1622851200,2021-06-05 00:00:00,ETH/BTC,0.073150,0.075192,0.072600,0.074040,1795.441595,132.934496
1622764800,2021-06-04 00:00:00,ETH/BTC,0.072753,0.073598,0.071084,0.072887,3868.509601,281.965607
1622678400,2021-06-03 00:00:00,ETH/BTC,0.071979,0.073675,0.071591,0.072770,1220.034906,88.781940
1622592000,2021-06-02 00:00:00,ETH/BTC,0.071770,0.073505,0.070970,0.072116,1841.582002,132.808264
1622505600,2021-06-01 00:00:00,ETH/BTC,0.072570,0.072820,0.070410,0.071836,2072.783790,148.900787
1622419200,2021-05-31 00:00:00,ETH/BTC,0.066887,0.072701,0.066045,0.072640,2421.547926,175.901241
1622332800,2021-05-30 00:00:00,ETH/BTC,0.065871,0.068440,0.065089,0.067024,1422.104591,95.315636
1622246400,2021-05-29 00:00:00,ETH/BTC,0.067589,0.069950,0.065067,0.065850,2206.702001,145.311327
1622160000,2021-05-28 00:00:00,ETH/BTC,0.071380,0.071520,0.067040,0.067666,1764.414284,119.391122
1622073600,2021-05-27 00:00:00,ETH/BTC,0.073520,0.073601,0.070399,0.071214,2382.404757,169.659548
1621987200,2021-05-26 00:00:00,ETH/BTC,0.070576,0.073518,0.069300,0.073495,5121.492518,376.403427
1621900800,2021-05-25 00:00:00,ETH/BTC,0.068150,0.070920,0.064880,0.070580,5311.174942,374.862727
1621814400,2021-05-24 00:00:00,ETH/BTC,0.060451,0.068420,0.059920,0.068198,7420.721279,506.077237
1621728000,2021-05-23 00:00:00,ETH/BTC,0.061200,0.062446,0.055589,0.060650,11338.285072,687.666990
1621641600,2021-05-22 00:00:00,ETH/BTC,0.065195,0.065450,0.060000,0.061102,6787.324173,414.722475
1621555200,2021-05-21 00:00:00,ETH/BTC,0.068238,0.070410,0.062690,0.065222,8808.390028,574.497555
1621468800,2021-05-20 00:00:00,ETH/BTC,0.066849,0.070624,0.061000,0.068270,10656.184261,727.497699
1621382400,2021-05-19 00:00:00,ETH/BTC,0.078771,0.079450,0.061000,0.066380,23421.367776,1554.714140
1621296000,2021-05-18 00:00:00,ETH/BTC,0.075380,0.079798,0.075049,0.078790,3522.045592,277.501937
1621209600,2021-05-17 00:00:00,ETH/BTC,0.077132,0.078758,0.073816,0.075408,5989.232199,451.634644
1621123200,2021-05-16 00:00:00,ETH/BTC,0.078028,0.080161,0.074347,0.077256,5099.449063,393.962578
1621036800,2021-05-15 00:00:00,ETH/BTC,0.081729,0.082409,0.077625,0.077986,5272.693492,411.195642
1620950400,2021-05-14 00:00:00,ETH/BTC,0.074910,0.082034,0.074470,0.081868,8219.923692,672.951590
1620864000,2021-05-13 00:00:00,ETH/BTC,0.077101,0.079946,0.073513,0.074712,13411.493101,1002.000948
1620777600,2021-05-12 00:00:00,ETH/BTC,0.073685,0.080161,0.072764,0.077140,9605.331472,740.955270
1620691200,2021-05-11 00:00:00,ETH/BTC,0.070707,0.073682,0.069000,0.073550,5090.297719,374.391550
1620604800,2021-05-10 00:00:00,ETH/BTC,0.067430,0.073324,0.066094,0.070808,19804.328246,1402.299329
1620518400,2021-05-09 00:00:00,ETH/BTC,0.066440,0.069810,0.065338,0.067425,6948.897630,468.529840
1620432000,2021-05-08 00:00:00,ETH/BTC,0.060727,0.067246,0.059850,0.066443,8427.789346,559.971653
1620345600,2021-05-07 00:00:00,ETH/BTC,0.061890,0.062206,0.060169,0.060740,3149.963391,191.328776
1620259200,2021-05-06 00:00:00,ETH/BTC,0.061410,0.063053,0.059746,0.061864,6635.182687,410.478411
1620172800,2021-05-05 00:00:00,ETH/BTC,0.060890,0.062399,0.057030,0.061317,8681.896870,532.346742
1620086400,2021-05-04 00:00:00,ETH/BTC,0.060079,0.063160,0.057388,0.060890,13179.906329,802.524101
1620000000,2021-05-03 00:00:00,ETH/BTC,0.052130,0.060164,0.051832,0.060035,13315.408518,799.394811
1619913600,2021-05-02 00:00:00,ETH/BTC,0.050981,0.053000,0.050800,0.052165,6208.020446,323.839276
1619827200,2021-05-01 00:00:00,ETH/BTC,0.048083,0.051141,0.047379,0.050970,4028.860540,205.351022
1619740800,2021-04-30 00:00:00,ETH/BTC,0.051488,0.051597,0.047752,0.047950,7133.290333,342.041271
1619654400,2021-04-29 00:00:00,ETH/BTC,0.050081,0.051904,0.049510,0.051453,4898.842956,252.060461
1619568000,2021-04-28 00:00:00,ETH/BTC,0.048429,0.050353,0.047567,0.050081,20386.169362,1020.953632
1619481600,2021-04-27 00:00:00,ETH/BTC,0.046960,0.048630,0.046464,0.048400,4942.225869,239.203781
1619395200,2021-04-26 00:00:00,ETH/BTC,0.047331,0.048028,0.045975,0.046900,14790.502032,693.674545
1619308800,2021-04-25 00:00:00,ETH/BTC,0.044286,0.047360,0.043912,0.047360,6562.468832,310.798524
1619222400,2021-04-24 00:00:00,ETH/BTC,0.046333,0.046340,0.044118,0.044270,1743.610002,77.189615
1619136000,2021-04-23 00:00:00,ETH/BTC,0.046413,0.046949,0.043224,0.046356,9848.753815,456.547256
1619049600,2021-04-22 00:00:00,ETH/BTC,0.043900,0.048267,0.043560,0.046436,14982.051717,695.712247
1618963200,2021-04-21 00:00:00,ETH/BTC,0.041337,0.044059,0.041030,0.043852,6334.961740,277.799222
1618876800,2021-04-20 00:00:00,ETH/BTC,0.038930,0.041395,0.038012,0.041071,4762.772712,195.610981
1618790400,2021-04-19 00:00:00,ETH/BTC,0.039884,0.040400,0.038290,0.038823,5825.242061,226.154771
1618704000,2021-04-18 00:00:00,ETH/BTC,0.038549,0.039876,0.035900,0.039673,12309.524106,488.356119
1618617600,2021-04-17 00:00:00,ETH/BTC,0.039532,0.040180,0.038581,0.038616,1662.556678,64.201488
1618531200,2021-04-16 00:00:00,ETH/BTC,0.039846,0.040056,0.038152,0.039475,3484.010248,137.532315
1618444800,2021-04-15 00:00:00,ETH/BTC,0.038626,0.040140,0.038360,0.039835,4447.802565,177.178037
1618358400,2021-04-14 00:00:00,ETH/BTC,0.036184,0.039087,0.036097,0.038562,5671.082801,218.690734
1618272000,2021-04-13 00:00:00,ETH/BTC,0.035773,0.036563,0.035000,0.036199,4233.916366,153.262057
1618185600,2021-04-12 00:00:00,ETH/BTC,0.035834,0.036056,0.035161,0.035731,1943.638197,69.447942
1618099200,2021-04-11 00:00:00,ETH/BTC,0.035662,0.036100,0.035426,0.035848,1995.684888,71.541152
1618012800,2021-04-10 00:00:00,ETH/BTC,0.035511,0.036345,0.035492,0.035708,2800.296123,99.992414
1617926400,2021-04-09 00:00:00,ETH/BTC,0.035790,0.035961,0.035322,0.035585,1309.259648,46.589442
1617840000,2021-04-08 00:00:00,ETH/BTC,0.035064,0.035930,0.035000,0.035846,1126.061065,40.365145
1617753600,2021-04-07 00:00:00,ETH/BTC,0.036440,0.036586,0.034706,0.035040,5774.839319,202.350485
1617667200,2021-04-06 00:00:00,ETH/BTC,0.035672,0.036583,0.035605,0.036414,3405.629916,124.012948
1617580800,2021-04-05 00:00:00,ETH/BTC,0.035662,0.036090,0.035236,0.035662,2905.056495,103.600590
1617494400,2021-04-04 00:00:00,ETH/BTC,0.035170,0.035961,0.034930,0.035664,2399.274964,85.567598
1617408000,2021-04-03 00:00:00,ETH/BTC,0.036220,0.036222,0.034588,0.035230,3845.977764,135.493643
1617321600,2021-04-02 00:00:00,ETH/BTC,0.033449,0.036260,0.033155,0.036139,7527.374624,272.031189
1617235200,2021-04-01 00:00:00,ETH/BTC,0.032659,0.033681,0.032436,0.033538,7486.872811,251.094665
1617148800,2021-03-31 00:00:00,ETH/BTC,0.031386,0.033020,0.030932,0.032578,4700.961031,153.146921
1617062400,2021-03-30 00:00:00,ETH/BTC,0.031562,0.031703,0.031000,0.031353,3610.601905,113.202877
1616976000,2021-03-29 00:00:00,ETH/BTC,0.030195,0.031712,0.030192,0.031507,4892.717587,154.154608
1616889600,2021-03-28 00:00:00,ETH/BTC,0.030680,0.030680,0.030192,0.030222,1713.240701,51.776738
1616803200,2021-03-27 00:00:00,ETH/BTC,0.030886,0.031041,0.030393,0.030680,1261.905197,38.714873
1616716800,2021-03-26 00:00:00,ETH/BTC,0.030963,0.031240,0.030308,0.030875,2223.537623,68.652614
1616630400,2021-03-25 00:00:00,ETH/BTC,0.030247,0.031306,0.029929,0.030877,2870.307159,88.626675
1616544000,2021-03-24 00:00:00,ETH/BTC,0.030701,0.031048,0.029542,0.030228,3382.832850,102.254918
1616457600,2021-03-23 00:00:00,ETH/BTC,0.031079,0.031374,0.030505,0.030674,2080.068538,63.803544
1616371200,2021-03-22 00:00:00,ETH/BTC,0.031112,0.031417,0.030572,0.031008,2899.688408,89.912668
1616284800,2021-03-21 00:00:00,ETH/BTC,0.031036,0.031609,0.030803,0.031099,3582.075817,111.399227
1616198400,2021-03-20 00:00:00,ETH/BTC,0.031193,0.031480,0.030951,0.031079,1572.013713,48.857039
1616112000,2021-03-19 00:00:00,ETH/BTC,0.030802,0.031213,0.030696,0.031150,2027.498591,63.156581
1616025600,2021-03-18 00:00:00,ETH/BTC,0.030923,0.031320,0.030483,0.030820,3196.636363,98.519150
1615939200,2021-03-17 00:00:00,ETH/BTC,0.031736,0.032451,0.030932,0.030932,2433.040410,75.259195
1615852800,2021-03-16 00:00:00,ETH/BTC,0.032230,0.032722,0.031496,0.031727,2628.501000,83.393926
1615766400,2021-03-15 00:00:00,ETH/BTC,0.031325,0.032268,0.030734,0.032268,2975.712838,96.020242
1615680000,2021-03-14 00:00:00,ETH/BTC,0.031386,0.031440,0.030894,0.031281,1497.051227,46.829319
1615593600,2021-03-13 00:00:00,ETH/BTC,0.030928,0.031827,0.030643,0.031403,2745.047135,86.202660
1615507200,2021-03-12 00:00:00,ETH/BTC,0.031645,0.031908,0.030469,0.030928,1642.697736,50.804764
1615420800,2021-03-11 00:00:00,ETH/BTC,0.032098,0.032451,0.031459,0.031560,3700.908215,116.800774
1615334400,2021-03-10 00:00:00,ETH/BTC,0.034094,0.034137,0.031724,0.032140,3507.202957,112.721468
1615248000,2021-03-09 00:00:00,ETH/BTC,0.034990,0.035174,0.033475,0.034020,2949.128376,100.329347
1615161600,2021-03-08 00:00:00,ETH/BTC,0.033880,0.035261,0.033571,0.034990,5817.880130,203.567684
1615075200,2021-03-07 00:00:00,ETH/BTC,0.033770,0.034305,0.032423,0.033905,5319.807195,180.370244
1614988800,2021-03-06 00:00:00,ETH/BTC,0.031369,0.034368,0.031369,0.033723,4948.870942,166.890082
1614902400,2021-03-05 00:00:00,ETH/BTC,0.031808,0.031927,0.030767,0.031350,1604.016578,50.286305
1614816000,2021-03-04 00:00:00,ETH/BTC,0.031100,0.032250,0.031074,0.031795,2990.684639,95.088758
1614729600,2021-03-03 00:00:00,ETH/BTC,0.030709,0.031864,0.030692,0.031100,2791.212467,86.806708
1614643200,2021-03-02 00:00:00,ETH/BTC,0.031650,0.032206,0.030684,0.030684,2862.499890,87.832660
1614556800,2021-03-01 00:00:00,ETH/BTC,0.031457,0.032117,0.030910,0.031591,4664.323514,147.350458
1614470400,2021-02-28 00:00:00,ETH/BTC,0.031643,0.031703,0.029977,0.031380,7783.576514,244.248631
1614384000,2021-02-27 00:00:00,ETH/BTC,0.031190,0.032303,0.031010,0.031643,3426.597008,108.429214
1614297600,2021-02-26 00:00:00,ETH/BTC,0.031473,0.032532,0.031140,0.031197,4772.971852,148.900971
1614211200,2021-02-25 00:00:00,ETH/BTC,0.032728,0.032910,0.031040,0.031457,2409.405814,75.793642
1614124800,2021-02-24 00:00:00,ETH/BTC,0.032268,0.033569,0.031916,0.032773,5363.001772,175.761014
1614038400,2021-02-23 00:00:00,ETH/BTC,0.032872,0.033138,0.030100,0.032263,13978.889573,451.004689
1613952000,2021-02-22 00:00:00,ETH/BTC,0.033661,0.033851,0.031880,0.032900,8618.056443,283.534057
1613865600,2021-02-21 00:00:00,ETH/BTC,0.034230,0.034542,0.033302,0.033623,2918.112427,98.116365
1613779200,2021-02-20 00:00:00,ETH/BTC,0.034981,0.036627,0.033515,0.034220,6948.452144,237.776032
1613692800,2021-02-19 00:00:00,ETH/BTC,0.037622,0.037709,0.034820,0.035030,9183.389110,321.693937
1613606400,2021-02-18 00:00:00,ETH/BTC,0.035503,0.037607,0.035386,0.037607,7937.369479,298.504464
1613520000,2021-02-17 00:00:00,ETH/BTC,0.036160,0.036160,0.034953,0.035464,5006.166431,177.537235
1613433600,2021-02-16 00:00:00,ETH/BTC,0.037191,0.037359,0.035770,0.036260,4379.547173,158.802380
1613347200,2021-02-15 00:00:00,ETH/BTC,0.037069,0.038000,0.036088,0.037172,4800.825241,178.457812
1613260800,2021-02-14 00:00:00,ETH/BTC,0.038511,0.038870,0.036792,0.037005,5405.362549,200.027765
1613174400,2021-02-13 00:00:00,ETH/BTC,0.038942,0.039249,0.038080,0.038478,6946.210594,267.276291
1613088000,2021-02-12 00:00:00,ETH/BTC,0.037232,0.039460,0.036769,0.038945,8041.796418,313.190335
1613001600,2021-02-11 00:00:00,ETH/BTC,0.038880,0.039230,0.036930,0.037218,6250.024799,232.615610
1612915200,2021-02-10 00:00:00,ETH/BTC,0.038099,0.040000,0.037663,0.038820,9805.634983,380.658280
1612828800,2021-02-09 00:00:00,ETH/BTC,0.037747,0.038888,0.036590,0.038070,11027.839837,419.829863
1612742400,2021-02-08 00:00:00,ETH/BTC,0.041540,0.042266,0.037340,0.037747,19662.510856,742.200797
1612656000,2021-02-07 00:00:00,ETH/BTC,0.042789,0.043176,0.039879,0.041490,4844.643924,201.006699
1612569600,2021-02-06 00:00:00,ETH/BTC,0.044928,0.045240,0.040600,0.042730,20567.550332,878.851426
1612483200,2021-02-05 00:00:00,ETH/BTC,0.043240,0.046228,0.043177,0.044935,7960.069396,357.684047
1612396800,2021-02-04 00:00:00,ETH/BTC,0.044275,0.044724,0.042825,0.043180,10968.036979,473.599837
1612310400,2021-02-03 00:00:00,ETH/BTC,0.042636,0.044480,0.041723,0.044357,10240.250405,454.226378
1612224000,2021-02-02 00:00:00,ETH/BTC,0.041014,0.043330,0.040530,0.042585,13213.281962,562.692766
1612137600,2021-02-01 00:00:00,ETH/BTC,0.039676,0.041063,0.038480,0.040970,5912.102629,242.217781
1612051200,2021-01-31 00:00:00,ETH/BTC,0.040180,0.040466,0.039480,0.039746,3726.754699,148.123369
1611964800,2021-01-30 00:00:00,ETH/BTC,0.040335,0.040500,0.039210,0.040100,5425.620863,217.567397
1611878400,2021-01-29 00:00:00,ETH/BTC,0.039879,0.041463,0.036313,0.040180,21041.967169,845.466241
1611792000,2021-01-28 00:00:00,ETH/BTC,0.040813,0.042378,0.039850,0.039850,10592.176060,422.098216
1611705600,2021-01-27 00:00:00,ETH/BTC,0.042054,0.042678,0.040386,0.040825,13329.102103,544.160593
1611619200,2021-01-26 00:00:00,ETH/BTC,0.040832,0.042285,0.040100,0.042070,6621.778669,278.581539
1611532800,2021-01-25 00:00:00,ETH/BTC,0.043122,0.044930,0.040379,0.040890,14232.434321,581.964239
1611446400,2021-01-24 00:00:00,ETH/BTC,0.038467,0.043340,0.038467,0.043170,9626.686083,415.584038
1611360000,2021-01-23 00:00:00,ETH/BTC,0.037403,0.039726,0.037195,0.038340,4596.265216,176.222049
1611273600,2021-01-22 00:00:00,ETH/BTC,0.036041,0.038429,0.035500,0.037422,7179.828825,268.681544
1611187200,2021-01-21 00:00:00,ETH/BTC,0.038925,0.039000,0.036050,0.036050,10724.141949,386.605532
1611100800,2021-01-20 00:00:00,ETH/BTC,0.038114,0.038990,0.036319,0.038940,8358.341852,325.473581
1611014400,2021-01-19 00:00:00,ETH/BTC,0.034340,0.038880,0.034225,0.038120,19562.190555,745.710704
1610928000,2021-01-18 00:00:00,ETH/BTC,0.034400,0.034630,0.033172,0.034375,4867.093409,167.308575
1610841600,2021-01-17 00:00:00,ETH/BTC,0.034130,0.034840,0.033774,0.034345,5346.767077,183.632042
1610755200,2021-01-16 00:00:00,ETH/BTC,0.031780,0.034826,0.031696,0.034080,6878.611772,234.422952
1610668800,2021-01-15 00:00:00,ETH/BTC,0.031472,0.032520,0.031057,0.031830,6240.447751,198.633452
1610582400,2021-01-14 00:00:00,ETH/BTC,0.030241,0.031508,0.029430,0.031508,4353.653024,137.174899
1610496000,2021-01-13 00:00:00,ETH/BTC,0.030730,0.031371,0.029996,0.030231,3780.594107,114.290082
1610409600,2021-01-12 00:00:00,ETH/BTC,0.030730,0.032100,0.030280,0.030800,4924.804516,151.683979
1610323200,2021-01-11 00:00:00,ETH/BTC,0.032910,0.033014,0.029687,0.030730,19265.215277,592.019488
1610236800,2021-01-10 00:00:00,ETH/BTC,0.031863,0.033957,0.031590,0.032842,15326.842752,503.359878
1610150400,2021-01-09 00:00:00,ETH/BTC,0.029990,0.032221,0.029484,0.031826,11097.394874,353.185689
1610064000,2021-01-08 00:00:00,ETH/BTC,0.031095,0.031303,0.028984,0.029966,15033.893646,450.507160
1609977600,2021-01-07 00:00:00,ETH/BTC,0.032914,0.032989,0.030902,0.031070,17757.074073,551.712291
1609891200,2021-01-06 00:00:00,ETH/BTC,0.032450,0.034515,0.031327,0.032836,18484.905673,606.973135
1609804800,2021-01-05 00:00:00,ETH/BTC,0.032716,0.034688,0.031120,0.032380,17251.797689,558.613382
1609718400,2021-01-04 00:00:00,ETH/BTC,0.029650,0.035037,0.028949,0.032460,37478.984904,1216.567850
1609632000,2021-01-03 00:00:00,ETH/BTC,0.024083,0.030300,0.023088,0.029646,36410.858213,1079.434118
1609545600,2021-01-02 00:00:00,ETH/BTC,0.024818,0.025100,0.023526,0.024150,11147.604423,269.214647
1609459200,2021-01-01 00:00:00,ETH/BTC,0.025466,0.025523,0.024829,0.024860,1874.237535,46.593545
1609372800,2020-12-31 00:00:00,ETH/BTC,0.025958,0.026000,0.025399,0.025454,7406.319219,188.516894
1609286400,2020-12-30 00:00:00,ETH/BTC,0.026750,0.026970,0.025789,0.026062,5241.216059,136.598984
1609200000,2020-12-29 00:00:00,ETH/BTC,0.027000,0.027400,0.026310,0.026716,6600.721372,176.342958
1609113600,2020-12-28 00:00:00,ETH/BTC,0.026177,0.027667,0.025760,0.026990,11411.042326,307.984032
1609027200,2020-12-27 00:00:00,ETH/BTC,0.024037,0.026320,0.022757,0.026036,19333.160539,503.362421
1608940800,2020-12-26 00:00:00,ETH/BTC,0.025371,0.025514,0.023880,0.024102,6424.235001,154.838904
1608854400,2020-12-25 00:00:00,ETH/BTC,0.025802,0.026136,0.025027,0.025420,3383.821303,86.016738
1608768000,2020-12-24 00:00:00,ETH/BTC,0.025140,0.025956,0.024810,0.025800,3204.178564,82.667807
1608681600,2020-12-23 00:00:00,ETH/BTC,0.026669,0.026685,0.024089,0.025150,5255.374176,132.172661
1608595200,2020-12-22 00:00:00,ETH/BTC,0.026784,0.027040,0.026205,0.026754,2280.465387,61.012666
1608508800,2020-12-21 00:00:00,ETH/BTC,0.027217,0.027292,0.026381,0.026747,6589.356414,176.246504
1608422400,2020-12-20 00:00:00,ETH/BTC,0.027621,0.027913,0.021400,0.027173,3472.882794,94.368783
1608336000,2020-12-19 00:00:00,ETH/BTC,0.028285,0.028563,0.027452,0.027646,2097.906354,57.998719
1608249600,2020-12-18 00:00:00,ETH/BTC,0.028121,0.028668,0.027974,0.028265,2213.951188,62.577884
1608163200,2020-12-17 00:00:00,ETH/BTC,0.029863,0.030354,0.027500,0.028262,9962.229382,281.549339
1608076800,2020-12-16 00:00:00,ETH/BTC,0.030225,0.030358,0.029532,0.029919,5463.227915,163.454371
1607990400,2020-12-15 00:00:00,ETH/BTC,0.030405,0.030543,0.030000,0.030284,1627.870200,49.298079
1607904000,2020-12-14 00:00:00,ETH/BTC,0.030794,0.030794,0.030218,0.030391,881.308135,26.783756
1607817600,2020-12-13 00:00:00,ETH/BTC,0.030223,0.030934,0.030050,0.030794,786.266143,24.211989
1607731200,2020-12-12 00:00:00,ETH/BTC,0.030192,0.030519,0.029913,0.030211,1407.418992,42.519521
1607644800,2020-12-11 00:00:00,ETH/BTC,0.030602,0.030692,0.030161,0.030214,1984.014801,59.944904
1607558400,2020-12-10 00:00:00,ETH/BTC,0.031024,0.031024,0.030483,0.030643,923.299675,28.292820
1607472000,2020-12-09 00:00:00,ETH/BTC,0.030198,0.031347,0.030006,0.030906,1562.482235,48.289592
1607385600,2020-12-08 00:00:00,ETH/BTC,0.030794,0.030866,0.029975,0.030222,1490.582075,45.048998
1607299200,2020-12-07 00:00:00,ETH/BTC,0.031048,0.031069,0.030730,0.030818,509.885196,15.713560
1607212800,2020-12-06 00:00:00,ETH/BTC,0.031174,0.031441,0.030906,0.031156,1099.276172,34.249103
1607126400,2020-12-05 00:00:00,ETH/BTC,0.030409,0.031161,0.030309,0.031130,378.862427,11.794059
1607040000,2020-12-04 00:00:00,ETH/BTC,0.031662,0.031720,0.030421,0.030421,2309.467413,70.256123
1606953600,2020-12-03 00:00:00,ETH/BTC,0.031083,0.031793,0.030978,0.031725,1357.888311,43.079129
1606867200,2020-12-02 00:00:00,ETH/BTC,0.031151,0.031607,0.030990,0.031110,1182.395280,36.784317
1606780800,2020-12-01 00:00:00,ETH/BTC,0.031260,0.032172,0.030111,0.031278,4956.063590,155.014369
1606694400,2020-11-30 00:00:00,ETH/BTC,0.031713,0.032900,0.030663,0.031318,6174.929560,193.385826
1606608000,2020-11-29 00:00:00,ETH/BTC,0.030364,0.031713,0.030272,0.031670,1998.578948,63.294755
1606521600,2020-11-28 00:00:00,ETH/BTC,0.030299,0.030768,0.029982,0.030368,2235.605990,67.891576
1606435200,2020-11-27 00:00:00,ETH/BTC,0.030400,0.030647,0.029990,0.030210,1735.553855,52.430787
1606348800,2020-11-26 00:00:00,ETH/BTC,0.030409,0.030760,0.029016,0.030270,9217.941798,279.027098
1606262400,2020-11-25 00:00:00,ETH/BTC,0.031436,0.031772,0.029933,0.030422,3560.333922,108.312301
1606176000,2020-11-24 00:00:00,ETH/BTC,0.033155,0.033691,0.030805,0.031609,14333.848201,453.078464
1606089600,2020-11-23 00:00:00,ETH/BTC,0.030447,0.033149,0.030371,0.033108,11140.946121,368.855224
1606003200,2020-11-22 00:00:00,ETH/BTC,0.029564,0.031145,0.029011,0.030420,13347.406702,406.028112
1605916800,2020-11-21 00:00:00,ETH/BTC,0.027344,0.029560,0.027100,0.029544,10871.766807,321.196892
1605830400,2020-11-20 00:00:00,ETH/BTC,0.026500,0.027907,0.026409,0.027330,8343.166442,228.018739
1605744000,2020-11-19 00:00:00,ETH/BTC,0.026922,0.027056,0.026000,0.026460,6262.177748,165.694280
1605657600,2020-11-18 00:00:00,ETH/BTC,0.027341,0.027530,0.026292,0.026870,7755.319569,208.385980
1605571200,2020-11-17 00:00:00,ETH/BTC,0.027550,0.027991,0.026888,0.027300,4838.245943,132.084114
1605484800,2020-11-16 00:00:00,ETH/BTC,0.028093,0.028183,0.027441,0.027583,2144.115390,59.141371
1605398400,2020-11-15 00:00:00,ETH/BTC,0.028681,0.028858,0.027850,0.028105,1452.785791,40.830298
1605312000,2020-11-14 00:00:00,ETH/BTC,0.029230,0.029230,0.028687,0.028687,1380.504295,39.602237
1605225600,2020-11-13 00:00:00,ETH/BTC,0.028433,0.029232,0.028200,0.029186,2167.071075,63.247725
1605139200,2020-11-12 00:00:00,ETH/BTC,0.029521,0.029521,0.028268,0.028441,3908.221093,111.155397
1605052800,2020-11-11 00:00:00,ETH/BTC,0.029458,0.030192,0.029413,0.029520,7341.990979,216.736748
1604966400,2020-11-10 00:00:00,ETH/BTC,0.028967,0.029581,0.028853,0.029490,2121.649979,62.567458
1604880000,2020-11-09 00:00:00,ETH/BTC,0.029362,0.029440,0.028904,0.029019,4357.362690,126.444565
1604793600,2020-11-08 00:00:00,ETH/BTC,0.029340,0.029635,0.029130,0.029358,1783.366079,52.356222
1604707200,2020-11-07 00:00:00,ETH/BTC,0.029290,0.029951,0.028920,0.029403,7501.728989,220.573638
1604620800,2020-11-06 00:00:00,ETH/BTC,0.026818,0.029339,0.026695,0.029301,5010.165298,146.804407
1604534400,2020-11-05 00:00:00,ETH/BTC,0.028450,0.028635,0.026600,0.026706,10822.434561,289.026643
1604448000,2020-11-04 00:00:00,ETH/BTC,0.027676,0.028758,0.027558,0.028446,3110.774952,88.489322
1604361600,2020-11-03 00:00:00,ETH/BTC,0.028235,0.028381,0.027679,0.027679,3200.166894,88.576075
1604275200,2020-11-02 00:00:00,ETH/BTC,0.028879,0.029328,0.028147,0.028281,3283.024076,92.848517
1604188800,2020-11-01 00:00:00,ETH/BTC,0.028187,0.028860,0.028001,0.028822,1404.658597,40.485688
1604102400,2020-10-31 00:00:00,ETH/BTC,0.028196,0.028480,0.027936,0.028040,1897.036504,53.193017
1604016000,2020-10-30 00:00:00,ETH/BTC,0.028689,0.028967,0.028081,0.028250,4250.635531,120.078583
1603929600,2020-10-29 00:00:00,ETH/BTC,0.029298,0.029545,0.028621,0.028744,2702.077323,77.669186
1603843200,2020-10-28 00:00:00,ETH/BTC,0.029586,0.029863,0.028791,0.029262,5496.650978,160.844760
1603756800,2020-10-27 00:00:00,ETH/BTC,0.030104,0.030315,0.029400,0.029600,2497.759778,73.934389
1603670400,2020-10-26 00:00:00,ETH/BTC,0.031127,0.031330,0.029879,0.030115,4311.117810,129.829916
1603584000,2020-10-25 00:00:00,ETH/BTC,0.031414,0.031741,0.031100,0.031152,1454.736104,45.317794
1603497600,2020-10-24 00:00:00,ETH/BTC,0.031702,0.031893,0.031272,0.031443,3386.022846,106.466886
1603411200,2020-10-23 00:00:00,ETH/BTC,0.031940,0.032226,0.031523,0.031662,1335.615454,42.288056
1603324800,2020-10-22 00:00:00,ETH/BTC,0.030576,0.032161,0.030490,0.031900,6993.446947,223.091028
1603238400,2020-10-21 00:00:00,ETH/BTC,0.030954,0.031208,0.030297,0.030505,7014.816645,213.984527
1603152000,2020-10-20 00:00:00,ETH/BTC,0.032267,0.032397,0.030860,0.030955,8931.865631,276.488848
1603065600,2020-10-19 00:00:00,ETH/BTC,0.032889,0.032908,0.032154,0.032301,1895.184853,61.216859
1602979200,2020-10-18 00:00:00,ETH/BTC,0.032366,0.032970,0.032366,0.032868,1468.861803,48.278462
1602892800,2020-10-17 00:00:00,ETH/BTC,0.032238,0.032471,0.032204,0.032427,389.074583,12.616413
1602806400,2020-10-16 00:00:00,ETH/BTC,0.032860,0.032929,0.032216,0.032334,2882.656971,93.206418
1602720000,2020-10-15 00:00:00,ETH/BTC,0.033149,0.033383,0.032770,0.032827,641.587642,21.061475
1602633600,2020-10-14 00:00:00,ETH/BTC,0.033382,0.033626,0.033017,0.033181,1000.794096,33.207799
1602547200,2020-10-13 00:00:00,ETH/BTC,0.033563,0.033608,0.033105,0.033366,1100.116845,36.706092
1602460800,2020-10-12 00:00:00,ETH/BTC,0.032899,0.033805,0.032519,0.033519,49403.734935,1655.960333
1602374400,2020-10-11 00:00:00,ETH/BTC,0.032792,0.033094,0.032675,0.032913,1147.861732,37.779091
1602288000,2020-10-10 00:00:00,ETH/BTC,0.033014,0.033277,0.032709,0.032800,2096.501675,68.766177
1602201600,2020-10-09 00:00:00,ETH/BTC,0.032140,0.033222,0.032049,0.033020,33161.504993,1094.992895
1602115200,2020-10-08 00:00:00,ETH/BTC,0.032000,0.032419,0.031671,0.032104,1702.575209,54.658896
1602028800,2020-10-07 00:00:00,ETH/BTC,0.032080,0.032203,0.031577,0.032025,3153.296999,100.983138
1601942400,2020-10-06 00:00:00,ETH/BTC,0.032790,0.032910,0.031993,0.032122,1704.089767,54.738243
1601856000,2020-10-05 00:00:00,ETH/BTC,0.033075,0.033143,0.032727,0.032778,833.567903,27.322397
1601769600,2020-10-04 00:00:00,ETH/BTC,0.032798,0.033131,0.032625,0.033015,2302.482381,76.016180
1601683200,2020-10-03 00:00:00,ETH/BTC,0.032702,0.033174,0.032624,0.032805,736.162084,24.149893
1601596800,2020-10-02 00:00:00,ETH/BTC,0.033223,0.033315,0.032216,0.032701,3079.342631,100.697121
1601510400,2020-10-01 00:00:00,ETH/BTC,0.033397,0.033858,0.033021,0.033263,2798.713454,93.092682
1601424000,2020-09-30 00:00:00,ETH/BTC,0.033182,0.033536,0.032959,0.033346,605.059546,20.176068
1601337600,2020-09-29 00:00:00,ETH/BTC,0.033031,0.033351,0.032858,0.033170,900.560963,29.871967
1601251200,2020-09-28 00:00:00,ETH/BTC,0.033193,0.033690,0.032748,0.033100,1916.870249,63.447811
1601164800,2020-09-27 00:00:00,ETH/BTC,0.033056,0.033563,0.032761,0.033177,881.574076,29.248397
1601078400,2020-09-26 00:00:00,ETH/BTC,0.032928,0.033131,0.032439,0.033017,1999.541905,66.019195
1600992000,2020-09-25 00:00:00,ETH/BTC,0.032461,0.033278,0.031869,0.032892,3760.236612,123.682756
1600905600,2020-09-24 00:00:00,ETH/BTC,0.031308,0.032908,0.031062,0.032496,4297.471295,139.650069
1600819200,2020-09-23 00:00:00,ETH/BTC,0.032684,0.032738,0.030820,0.031308,4188.453486,131.131097
1600732800,2020-09-22 00:00:00,ETH/BTC,0.032670,0.033052,0.032312,0.032685,6807.972100,222.521223
1600646400,2020-09-21 00:00:00,ETH/BTC,0.033964,0.034319,0.032062,0.032645,6861.050774,223.981816
1600560000,2020-09-20 00:00:00,ETH/BTC,0.034757,0.034866,0.033786,0.033964,3068.212018,104.209183
1600473600,2020-09-19 00:00:00,ETH/BTC,0.035046,0.035153,0.034487,0.034761,2403.823759,83.558693
1600387200,2020-09-18 00:00:00,ETH/BTC,0.035634,0.035808,0.034716,0.035150,2483.172620,87.283195
1600300800,2020-09-17 00:00:00,ETH/BTC,0.033291,0.036068,0.033243,0.035568,4435.777722,157.772407
1600214400,2020-09-16 00:00:00,ETH/BTC,0.033747,0.033825,0.033152,0.033307,3299.483382,109.895233
1600128000,2020-09-15 00:00:00,ETH/BTC,0.035378,0.035444,0.033581,0.033802,2695.789240,91.122798
1600041600,2020-09-14 00:00:00,ETH/BTC,0.035366,0.035858,0.034700,0.035303,7681.988596,271.196475
1599955200,2020-09-13 00:00:00,ETH/BTC,0.037140,0.037140,0.034533,0.035428,7791.020379,276.016686
1599868800,2020-09-12 00:00:00,ETH/BTC,0.036061,0.037138,0.035409,0.037084,4363.866567,161.830937
1599782400,2020-09-11 00:00:00,ETH/BTC,0.035637,0.036082,0.034869,0.036010,2591.694182,93.326208
1599696000,2020-09-10 00:00:00,ETH/BTC,0.034311,0.036111,0.034311,0.035511,3947.671775,140.183799
1599609600,2020-09-09 00:00:00,ETH/BTC,0.033270,0.034729,0.033129,0.034344,3620.698253,124.347632
1599523200,2020-09-08 00:00:00,ETH/BTC,0.034080,0.034205,0.033000,0.033270,5143.092933,171.110805
1599436800,2020-09-07 00:00:00,ETH/BTC,0.034430,0.034757,0.032750,0.034040,4506.415897,153.400065
1599350400,2020-09-06 00:00:00,ETH/BTC,0.032946,0.034860,0.031649,0.034425,13064.706078,449.756165
1599264000,2020-09-05 00:00:00,ETH/BTC,0.036879,0.037370,0.031227,0.032949,16463.827717,542.467153
1599177600,2020-09-04 00:00:00,ETH/BTC,0.037636,0.038136,0.036150,0.036899,6810.252553,251.288444
1599091200,2020-09-03 00:00:00,ETH/BTC,0.038587,0.039420,0.036500,0.037620,9403.527839,353.760717
1599004800,2020-09-02 00:00:00,ETH/BTC,0.039880,0.040440,0.037460,0.038588,8016.053563,309.326521
1598918400,2020-09-01 00:00:00,ETH/BTC,0.037249,0.040572,0.037110,0.039911,9282.414222,370.465793
1598832000,2020-08-31 00:00:00,ETH/BTC,0.036579,0.037451,0.036062,0.037258,4415.791572,164.523342
1598745600,2020-08-30 00:00:00,ETH/BTC,0.034737,0.036700,0.034737,0.036615,4659.159790,170.593785
1598659200,2020-08-29 00:00:00,ETH/BTC,0.034277,0.035213,0.034181,0.034738,2304.553178,80.055545
1598572800,2020-08-28 00:00:00,ETH/BTC,0.033737,0.034501,0.033643,0.034274,1828.433161,62.667426
1598486400,2020-08-27 00:00:00,ETH/BTC,0.033700,0.034256,0.033277,0.033800,2268.120392,76.663308
1598400000,2020-08-26 00:00:00,ETH/BTC,0.033750,0.034177,0.033497,0.033681,2002.903872,67.459485
1598313600,2020-08-25 00:00:00,ETH/BTC,0.034717,0.034758,0.032833,0.033814,6113.176024,206.711973
1598227200,2020-08-24 00:00:00,ETH/BTC,0.033505,0.034803,0.033450,0.034744,2261.324657,78.568210
1598140800,2020-08-23 00:00:00,ETH/BTC,0.033864,0.033942,0.033269,0.033513,2670.155552,89.486018
1598054400,2020-08-22 00:00:00,ETH/BTC,0.033648,0.034020,0.033319,0.033915,4411.603079,149.620489
1597968000,2020-08-21 00:00:00,ETH/BTC,0.035082,0.035234,0.033441,0.033594,9914.183038,333.053496
1597881600,2020-08-20 00:00:00,ETH/BTC,0.034710,0.035258,0.034449,0.035064,3832.775256,134.391588
1597795200,2020-08-19 00:00:00,ETH/BTC,0.035380,0.035516,0.033892,0.034608,6434.603244,222.691452
1597708800,2020-08-18 00:00:00,ETH/BTC,0.035081,0.035646,0.034800,0.035302,3872.578064,136.709364
1597622400,2020-08-17 00:00:00,ETH/BTC,0.036456,0.036456,0.034920,0.035038,5407.451915,189.464191
1597536000,2020-08-16 00:00:00,ETH/BTC,0.036464,0.036714,0.035280,0.036448,5873.251271,214.069202
1597449600,2020-08-15 00:00:00,ETH/BTC,0.037271,0.037308,0.035778,0.036491,6228.821704,227.294189
1597363200,2020-08-14 00:00:00,ETH/BTC,0.036055,0.037687,0.035819,0.037229,8584.610509,319.594404
1597276800,2020-08-13 00:00:00,ETH/BTC,0.033470,0.036539,0.033412,0.036026,14440.592591,520.235489
1597190400,2020-08-12 00:00:00,ETH/BTC,0.033271,0.033596,0.032764,0.033460,3368.615667,112.713409
1597104000,2020-08-11 00:00:00,ETH/BTC,0.033304,0.033709,0.032869,0.033254,3822.057402,127.100226
1597017600,2020-08-10 00:00:00,ETH/BTC,0.033431,0.033570,0.032820,0.033281,4511.363896,150.143198
1596931200,2020-08-09 00:00:00,ETH/BTC,0.033740,0.033951,0.033120,0.033431,3332.441405,111.406882
1596844800,2020-08-08 00:00:00,ETH/BTC,0.032717,0.033759,0.032625,0.033759,2899.643820,97.888699
1596758400,2020-08-07 00:00:00,ETH/BTC,0.033575,0.033639,0.031770,0.032732,6794.616779,222.403299
1596672000,2020-08-06 00:00:00,ETH/BTC,0.034150,0.034337,0.033380,0.033583,6207.086437,208.455067
1596585600,2020-08-05 00:00:00,ETH/BTC,0.034809,0.034950,0.033825,0.034154,9956.155195,340.040434
1596499200,2020-08-04 00:00:00,ETH/BTC,0.034430,0.035290,0.034374,0.034804,9462.385278,329.333210
1596412800,2020-08-03 00:00:00,ETH/BTC,0.033668,0.035147,0.033410,0.034400,9469.135227,325.738252
1596326400,2020-08-02 00:00:00,ETH/BTC,0.032821,0.034644,0.030317,0.033647,15829.466298,532.613419
1596240000,2020-08-01 00:00:00,ETH/BTC,0.030548,0.033150,0.030307,0.032840,9987.881266,328.002920
1596153600,2020-07-31 00:00:00,ETH/BTC,0.030205,0.030953,0.029979,0.030561,6053.036636,184.983826
1596067200,2020-07-30 00:00:00,ETH/BTC,0.028630,0.030614,0.028630,0.030145,6434.973368,193.983237
1595980800,2020-07-29 00:00:00,ETH/BTC,0.029052,0.029574,0.028543,0.028663,7277.146654,208.585000
1595894400,2020-07-28 00:00:00,ETH/BTC,0.029218,0.029313,0.028472,0.029053,11993.584695,348.453814
1595808000,2020-07-27 00:00:00,ETH/BTC,0.031311,0.032619,0.028682,0.029216,17652.337658,515.726637
1595721600,2020-07-26 00:00:00,ETH/BTC,0.031516,0.032651,0.030574,0.031304,19569.316635,612.605324
1595635200,2020-07-25 00:00:00,ETH/BTC,0.029330,0.031920,0.029307,0.031519,8139.444165,256.545350
1595548800,2020-07-24 00:00:00,ETH/BTC,0.028680,0.029840,0.028277,0.029331,6649.969158,195.051974
1595462400,2020-07-23 00:00:00,ETH/BTC,0.027684,0.029200,0.027421,0.028680,10746.381063,308.206209
1595376000,2020-07-22 00:00:00,ETH/BTC,0.026170,0.028276,0.026012,0.027677,10605.886015,293.542925
1595289600,2020-07-21 00:00:00,ETH/BTC,0.025768,0.026249,0.025760,0.026171,2608.172284,68.259494
1595203200,2020-07-20 00:00:00,ETH/BTC,0.025980,0.026044,0.025596,0.025776,1641.456243,42.309651
1595116800,2020-07-19 00:00:00,ETH/BTC,0.025726,0.025995,0.025565,0.025993,1035.551364,26.916641
1595030400,2020-07-18 00:00:00,ETH/BTC,0.025425,0.025766,0.025389,0.025677,1740.034256,44.678251
1594944000,2020-07-17 00:00:00,ETH/BTC,0.025598,0.025646,0.025386,0.025440,1864.332645,47.428194
1594857600,2020-07-16 00:00:00,ETH/BTC,0.025910,0.025956,0.025330,0.025581,5930.213292,151.701261
1594771200,2020-07-15 00:00:00,ETH/BTC,0.025992,0.026032,0.025777,0.025934,5580.062298,144.714731
1594684800,2020-07-14 00:00:00,ETH/BTC,0.025925,0.026126,0.025827,0.026001,5604.736625,145.727524
1594598400,2020-07-13 00:00:00,ETH/BTC,0.026100,0.026304,0.025766,0.025942,7129.705487,184.955754
1594512000,2020-07-12 00:00:00,ETH/BTC,0.025920,0.026156,0.025687,0.026088,3694.516291,96.381100
1594425600,2020-07-11 00:00:00,ETH/BTC,0.025978,0.026040,0.025834,0.025901,10217.457653,264.638284
1594339200,2020-07-10 00:00:00,ETH/BTC,0.026164,0.026188,0.025820,0.025941,17158.702276,445.106861
1594252800,2020-07-09 00:00:00,ETH/BTC,0.026113,0.026295,0.025924,0.026194,3967.510488,103.925089
1594166400,2020-07-08 00:00:00,ETH/BTC,0.025862,0.026360,0.025739,0.026195,10094.900148,264.434597
1594080000,2020-07-07 00:00:00,ETH/BTC,0.025843,0.026003,0.025480,0.025842,4478.764392,115.739110
1593993600,2020-07-06 00:00:00,ETH/BTC,0.025090,0.025849,0.025034,0.025844,12336.757816,318.831046
1593907200,2020-07-05 00:00:00,ETH/BTC,0.025090,0.025141,0.024856,0.025074,2213.798379,55.508161
1593820800,2020-07-04 00:00:00,ETH/BTC,0.024834,0.025115,0.024817,0.025071,2411.586311,60.460832
1593734400,2020-07-03 00:00:00,ETH/BTC,0.024899,0.025042,0.024785,0.024832,2953.882131,73.349944
1593648000,2020-07-02 00:00:00,ETH/BTC,0.025035,0.025057,0.024755,0.024909,2715.834108,67.649880
1593561600,2020-07-01 00:00:00,ETH/BTC,0.024670,0.025091,0.024594,0.025033,3064.536979,76.714156
1593475200,2020-06-30 00:00:00,ETH/BTC,0.024824,0.024872,0.024527,0.024699,3412.419573,84.282464
1593388800,2020-06-29 00:00:00,ETH/BTC,0.024680,0.024892,0.024424,0.024784,4556.245695,112.920581
1593302400,2020-06-28 00:00:00,ETH/BTC,0.024446,0.024836,0.024364,0.024676,6156.541633,151.921284
1593216000,2020-06-27 00:00:00,ETH/BTC,0.025080,0.025166,0.024297,0.024537,8755.004666,214.818135
1593129600,2020-06-26 00:00:00,ETH/BTC,0.025137,0.025227,0.025015,0.025082,3514.382661,88.146762
1593043200,2020-06-25 00:00:00,ETH/BTC,0.025271,0.025366,0.025093,0.025163,3875.389823,97.515078
1592956800,2020-06-24 00:00:00,ETH/BTC,0.025281,0.025823,0.025029,0.025229,5636.273549,142.200307
1592870400,2020-06-23 00:00:00,ETH/BTC,0.025130,0.026000,0.025047,0.025246,5400.454270,136.337816
1592784000,2020-06-22 00:00:00,ETH/BTC,0.024536,0.025630,0.024503,0.025089,11813.773462,296.389974
1592697600,2020-06-21 00:00:00,ETH/BTC,0.024476,0.024663,0.024438,0.024548,2250.674293,55.249192
1592611200,2020-06-20 00:00:00,ETH/BTC,0.024613,0.024721,0.024395,0.024473,1752.974022,42.900849
1592524800,2020-06-19 00:00:00,ETH/BTC,0.024623,0.024707,0.024374,0.024610,2835.216877,69.774659
1592438400,2020-06-18 00:00:00,ETH/BTC,0.024721,0.024827,0.024441,0.024622,3199.194890,78.769809
1592352000,2020-06-17 00:00:00,ETH/BTC,0.024680,0.024857,0.024576,0.024746,3723.492748,92.142333
1592265600,2020-06-16 00:00:00,ETH/BTC,0.024501,0.024733,0.024300,0.024688,6003.579662,148.216435
1592179200,2020-06-15 00:00:00,ETH/BTC,0.024800,0.024855,0.024274,0.024512,7070.962491,173.322301
1592092800,2020-06-14 00:00:00,ETH/BTC,0.025151,0.025230,0.024819,0.024836,3475.662269,86.321930
1592006400,2020-06-13 00:00:00,ETH/BTC,0.025116,0.025285,0.025013,0.025121,2637.769931,66.264500
1591920000,2020-06-12 00:00:00,ETH/BTC,0.024836,0.025196,0.024709,0.025118,4802.813028,120.638498
1591833600,2020-06-11 00:00:00,ETH/BTC,0.025072,0.025176,0.024546,0.024836,5627.189436,139.758734
1591747200,2020-06-10 00:00:00,ETH/BTC,0.024940,0.025167,0.024795,0.025070,2968.542116,74.422360
1591660800,2020-06-09 00:00:00,ETH/BTC,0.025229,0.025457,0.024849,0.024948,3089.557445,77.078125
1591574400,2020-06-08 00:00:00,ETH/BTC,0.025080,0.025258,0.024920,0.025207,3610.828144,91.017278
1591488000,2020-06-07 00:00:00,ETH/BTC,0.025052,0.025147,0.024720,0.025074,3807.433351,95.468269
1591401600,2020-06-06 00:00:00,ETH/BTC,0.024958,0.025186,0.024900,0.025066,3274.950348,82.089447
1591315200,2020-06-05 00:00:00,ETH/BTC,0.024858,0.025154,0.024730,0.024958,4268.975755,106.543645
1591228800,2020-06-04 00:00:00,ETH/BTC,0.025326,0.025478,0.024500,0.024837,4865.593308,120.846352
1591142400,2020-06-03 00:00:00,ETH/BTC,0.024977,0.025364,0.024793,0.025326,3521.663011,89.190166
1591056000,2020-06-02 00:00:00,ETH/BTC,0.024353,0.025312,0.023850,0.024990,15471.233604,386.629067
1590969600,2020-06-01 00:00:00,ETH/BTC,0.024531,0.025273,0.024204,0.024350,10092.374569,245.749321
1590883200,2020-05-31 00:00:00,ETH/BTC,0.025090,0.025369,0.024470,0.024525,6195.394868,151.943794
1590796800,2020-05-30 00:00:00,ETH/BTC,0.023425,0.025600,0.023349,0.025091,12191.286372,305.890713
1590710400,2020-05-29 00:00:00,ETH/BTC,0.023029,0.023541,0.023024,0.023425,7028.052093,164.631628
1590624000,2020-05-28 00:00:00,ETH/BTC,0.022627,0.023013,0.022145,0.023013,8773.312667,201.901648
1590537600,2020-05-27 00:00:00,ETH/BTC,0.022752,0.023038,0.022451,0.022627,5703.060848,129.043158
1590451200,2020-05-26 00:00:00,ETH/BTC,0.022959,0.023005,0.022605,0.022742,4349.597530,98.919982
1590364800,2020-05-25 00:00:00,ETH/BTC,0.022924,0.023231,0.022822,0.022950,7119.008176,163.381238
1590278400,2020-05-24 00:00:00,ETH/BTC,0.022539,0.023167,0.022485,0.022910,6102.545838,139.809325
1590192000,2020-05-23 00:00:00,ETH/BTC,0.022681,0.022773,0.022460,0.022539,2447.725632,55.170438
1590105600,2020-05-22 00:00:00,ETH/BTC,0.021928,0.022725,0.021852,0.022620,4103.647736,92.826399
1590019200,2020-05-21 00:00:00,ETH/BTC,0.022055,0.022238,0.021760,0.021932,8451.682180,185.364660
1589932800,2020-05-20 00:00:00,ETH/BTC,0.021957,0.022200,0.021673,0.022061,8796.659998,194.060301
1589846400,2020-05-19 00:00:00,ETH/BTC,0.022137,0.022300,0.021803,0.021951,8053.882984,176.792155
1589760000,2020-05-18 00:00:00,ETH/BTC,0.021323,0.022276,0.021323,0.022059,7760.134546,171.178790
1589673600,2020-05-17 00:00:00,ETH/BTC,0.021352,0.021522,0.020936,0.021368,3261.614382,69.694176
1589587200,2020-05-16 00:00:00,ETH/BTC,0.020915,0.021750,0.020886,0.021390,4983.603794,106.599883
1589500800,2020-05-15 00:00:00,ETH/BTC,0.020734,0.021307,0.020682,0.020939,5442.415456,113.960207
1589414400,2020-05-14 00:00:00,ETH/BTC,0.021406,0.021406,0.020491,0.020774,9445.729413,196.221049
1589328000,2020-05-13 00:00:00,ETH/BTC,0.021523,0.021733,0.021111,0.021441,5115.261117,109.677337
1589241600,2020-05-12 00:00:00,ETH/BTC,0.021729,0.021805,0.021335,0.021567,5194.648545,112.032881
1589155200,2020-05-11 00:00:00,ETH/BTC,0.021495,0.021763,0.020985,0.021676,11096.738926,240.528474
1589068800,2020-05-10 00:00:00,ETH/BTC,0.021954,0.022900,0.021316,0.021457,9588.341300,205.734163
1588982400,2020-05-09 00:00:00,ETH/BTC,0.021548,0.022055,0.021509,0.022031,8941.682320,196.995097
1588896000,2020-05-08 00:00:00,ETH/BTC,0.021221,0.021615,0.021199,0.021537,9166.621323,197.418498
1588809600,2020-05-07 00:00:00,ETH/BTC,0.021739,0.022238,0.021050,0.021263,21719.505242,461.822274
1588723200,2020-05-06 00:00:00,ETH/BTC,0.022773,0.023119,0.021718,0.021763,8224.595010,178.994000
1588636800,2020-05-05 00:00:00,ETH/BTC,0.023255,0.023463,0.022759,0.022770,3237.776915,73.724180
1588550400,2020-05-04 00:00:00,ETH/BTC,0.023550,0.023647,0.022752,0.023301,6980.137099,162.644593
1588464000,2020-05-03 00:00:00,ETH/BTC,0.023873,0.023991,0.023440,0.023574,8370.246585,197.316092
1588377600,2020-05-02 00:00:00,ETH/BTC,0.024039,0.024192,0.023779,0.023875,4164.257167,99.421806
1588291200,2020-05-01 00:00:00,ETH/BTC,0.023937,0.024386,0.023866,0.024055,4957.854362,119.262277
1588204800,2020-04-30 00:00:00,ETH/BTC,0.024563,0.024660,0.023604,0.023936,11861.486186,283.921752
1588118400,2020-04-29 00:00:00,ETH/BTC,0.025418,0.026000,0.024227,0.024539,13737.397791,337.104615
1588032000,2020-04-28 00:00:00,ETH/BTC,0.025307,0.025489,0.025119,0.025362,6778.377950,171.911663
1587945600,2020-04-27 00:00:00,ETH/BTC,0.025641,0.025679,0.024850,0.025290,3383.706034,85.572978
1587859200,2020-04-26 00:00:00,ETH/BTC,0.025874,0.025952,0.025512,0.025702,5029.189773,129.260588
1587772800,2020-04-25 00:00:00,ETH/BTC,0.024988,0.025900,0.024923,0.025687,4736.225520,121.657673
1587686400,2020-04-24 00:00:00,ETH/BTC,0.024815,0.025160,0.024784,0.024973,8662.199463,216.324832
1587600000,2020-04-23 00:00:00,ETH/BTC,0.025679,0.026000,0.024621,0.024750,5107.268435,126.405558
1587513600,2020-04-22 00:00:00,ETH/BTC,0.024970,0.025728,0.024936,0.025622,2190.043018,56.112625
1587427200,2020-04-21 00:00:00,ETH/BTC,0.024938,0.025280,0.024856,0.024985,5547.962088,138.618163
1587340800,2020-04-20 00:00:00,ETH/BTC,0.025210,0.025868,0.024690,0.024928,5210.585720,129.888491
1587254400,2020-04-19 00:00:00,ETH/BTC,0.025922,0.026001,0.024870,0.025247,3582.111151,90.436521
1587168000,2020-04-18 00:00:00,ETH/BTC,0.024290,0.026000,0.024280,0.025870,5330.883256,137.909950
1587081600,2020-04-17 00:00:00,ETH/BTC,0.024308,0.024437,0.023888,0.024270,1140.524344,27.680971
1586995200,2020-04-16 00:00:00,ETH/BTC,0.023062,0.024741,0.022924,0.024220,10063.172030,243.730027
1586908800,2020-04-15 00:00:00,ETH/BTC,0.022967,0.023401,0.022862,0.023075,3468.147154,80.028744
1586822400,2020-04-14 00:00:00,ETH/BTC,0.022882,0.023267,0.022857,0.023079,2390.292258,55.165603
1586736000,2020-04-13 00:00:00,ETH/BTC,0.022999,0.023114,0.022609,0.022903,2719.728836,62.291037
1586649600,2020-04-12 00:00:00,ETH/BTC,0.023065,0.023195,0.022840,0.023035,3872.925297,89.213415
1586563200,2020-04-11 00:00:00,ETH/BTC,0.023054,0.023268,0.022736,0.023051,1385.616616,31.939835
1586476800,2020-04-10 00:00:00,ETH/BTC,0.023255,0.023341,0.022466,0.022992,8090.477994,186.015704
1586390400,2020-04-09 00:00:00,ETH/BTC,0.023462,0.023596,0.023226,0.023310,3573.281411,83.294119
1586304000,2020-04-08 00:00:00,ETH/BTC,0.022832,0.023577,0.022765,0.023532,2293.442355,53.968575
1586217600,2020-04-07 00:00:00,ETH/BTC,0.023367,0.023716,0.022745,0.022860,14516.222696,331.840851
1586131200,2020-04-06 00:00:00,ETH/BTC,0.021042,0.023429,0.021019,0.023333,7383.402943,172.273471
1586044800,2020-04-05 00:00:00,ETH/BTC,0.021042,0.021206,0.020960,0.021077,3246.827337,68.432860
1585958400,2020-04-04 00:00:00,ETH/BTC,0.020969,0.021229,0.020816,0.021058,3308.311107,69.667970
1585872000,2020-04-03 00:00:00,ETH/BTC,0.020741,0.021065,0.020741,0.021038,3871.626217,81.451466
1585785600,2020-04-02 00:00:00,ETH/BTC,0.020457,0.021089,0.020432,0.020710,2833.718189,58.687324
1585699200,2020-04-01 00:00:00,ETH/BTC,0.020765,0.021150,0.020373,0.020430,4154.194359,84.871354
1585612800,2020-03-31 00:00:00,ETH/BTC,0.020622,0.020880,0.020401,0.020766,2290.522235,47.565283
1585526400,2020-03-30 00:00:00,ETH/BTC,0.021165,0.021312,0.020439,0.020675,3635.908794,75.171433
1585440000,2020-03-29 00:00:00,ETH/BTC,0.020971,0.021269,0.020852,0.021174,2388.699754,50.577516
1585353600,2020-03-28 00:00:00,ETH/BTC,0.020629,0.021207,0.020500,0.021037,4927.402548,103.658704
1585267200,2020-03-27 00:00:00,ETH/BTC,0.020573,0.020811,0.020356,0.020635,5548.239250,114.489193
1585180800,2020-03-26 00:00:00,ETH/BTC,0.020355,0.020626,0.020194,0.020542,2063.661698,42.392605
1585094400,2020-03-25 00:00:00,ETH/BTC,0.020561,0.021000,0.020264,0.020353,3612.227301,73.519048
1585008000,2020-03-24 00:00:00,ETH/BTC,0.020924,0.021132,0.020472,0.020537,10216.497032,209.817119
1584921600,2020-03-23 00:00:00,ETH/BTC,0.021030,0.021340,0.020479,0.020992,4255.508044,89.333114
1584835200,2020-03-22 00:00:00,ETH/BTC,0.021386,0.021483,0.020809,0.020997,3014.986575,63.305251
1584748800,2020-03-21 00:00:00,ETH/BTC,0.021440,0.021649,0.021129,0.021442,4799.316119,102.906936
1584662400,2020-03-20 00:00:00,ETH/BTC,0.022106,0.022810,0.020288,0.021470,10687.752301,229.466897
1584576000,2020-03-19 00:00:00,ETH/BTC,0.021888,0.022409,0.021570,0.022178,13820.858080,306.512218
1584489600,2020-03-18 00:00:00,ETH/BTC,0.021734,0.022026,0.021613,0.021897,4240.923187,92.862223
1584403200,2020-03-17 00:00:00,ETH/BTC,0.022068,0.022592,0.021562,0.021795,8148.580157,177.596023
1584316800,2020-03-16 00:00:00,ETH/BTC,0.023189,0.023280,0.021787,0.022070,15660.581746,345.623401
1584230400,2020-03-15 00:00:00,ETH/BTC,0.023672,0.023784,0.022246,0.023053,7256.901464,167.293204
1584144000,2020-03-14 00:00:00,ETH/BTC,0.024018,0.024524,0.023467,0.023683,7277.050584,172.341589
1584057600,2020-03-13 00:00:00,ETH/BTC,0.022633,0.025672,0.021870,0.024004,37548.383279,901.329415
1583971200,2020-03-12 00:00:00,ETH/BTC,0.024511,0.025000,0.021000,0.022513,43058.721032,969.360318
1583884800,2020-03-11 00:00:00,ETH/BTC,0.025425,0.025550,0.023890,0.024520,7696.092026,188.709947
1583798400,2020-03-10 00:00:00,ETH/BTC,0.025563,0.025722,0.025067,0.025377,9422.446919,239.110043
1583712000,2020-03-09 00:00:00,ETH/BTC,0.024844,0.026167,0.024690,0.025567,9985.337939,255.298830
1583625600,2020-03-08 00:00:00,ETH/BTC,0.026650,0.026675,0.024500,0.024777,8409.826116,208.370346
1583539200,2020-03-07 00:00:00,ETH/BTC,0.026868,0.027452,0.026630,0.026659,5736.099824,152.920865
1583452800,2020-03-06 00:00:00,ETH/BTC,0.025268,0.026850,0.025250,0.026850,10159.770472,272.787805
1583366400,2020-03-05 00:00:00,ETH/BTC,0.025650,0.025736,0.025042,0.025252,2738.646886,69.157516
1583280000,2020-03-04 00:00:00,ETH/BTC,0.025549,0.025917,0.025415,0.025600,2693.581429,68.955685
1583193600,2020-03-03 00:00:00,ETH/BTC,0.026028,0.026160,0.025416,0.025545,4328.509157,110.572199
1583107200,2020-03-02 00:00:00,ETH/BTC,0.025521,0.026274,0.025410,0.025990,3435.120664,89.277859
1583020800,2020-03-01 00:00:00,ETH/BTC,0.025511,0.026017,0.025180,0.025595,3548.255055,90.815920
1582934400,2020-02-29 00:00:00,ETH/BTC,0.026076,0.026562,0.025495,0.025589,2842.836726,72.745406
1582848000,2020-02-28 00:00:00,ETH/BTC,0.025831,0.026360,0.025235,0.026140,3966.073544,103.671576
1582761600,2020-02-27 00:00:00,ETH/BTC,0.025420,0.026667,0.024594,0.025809,7403.033615,191.063118
1582675200,2020-02-26 00:00:00,ETH/BTC,0.026466,0.026669,0.024800,0.025522,14652.599259,373.960268
1582588800,2020-02-25 00:00:00,ETH/BTC,0.027492,0.027501,0.026381,0.026448,2115.658589,55.954515
1582502400,2020-02-24 00:00:00,ETH/BTC,0.027623,0.027793,0.027042,0.027505,7461.383569,205.226549
1582416000,2020-02-23 00:00:00,ETH/BTC,0.027143,0.027643,0.027013,0.027622,2632.328064,72.709692
1582329600,2020-02-22 00:00:00,ETH/BTC,0.027337,0.027472,0.026732,0.027135,1010.606618,27.423245
1582243200,2020-02-21 00:00:00,ETH/BTC,0.026790,0.027537,0.026508,0.027407,5917.064920,162.166631
1582156800,2020-02-20 00:00:00,ETH/BTC,0.026905,0.027408,0.025952,0.026880,2874.903281,77.278521
1582070400,2020-02-19 00:00:00,ETH/BTC,0.027781,0.027983,0.026653,0.026990,7631.851703,205.983677
1581984000,2020-02-18 00:00:00,ETH/BTC,0.027606,0.028500,0.027011,0.027781,13914.420374,386.550529
1581897600,2020-02-17 00:00:00,ETH/BTC,0.026116,0.027645,0.024910,0.027570,9026.582024,248.863047
1581811200,2020-02-16 00:00:00,ETH/BTC,0.026743,0.027300,0.024560,0.026187,12435.690465,325.656535
1581724800,2020-02-15 00:00:00,ETH/BTC,0.027602,0.027823,0.026595,0.026730,8154.230036,217.962569
1581638400,2020-02-14 00:00:00,ETH/BTC,0.026260,0.027733,0.025770,0.027546,18072.019611,497.819262
1581552000,2020-02-13 00:00:00,ETH/BTC,0.025719,0.026774,0.025100,0.026229,9989.140603,262.000874
1581465600,2020-02-12 00:00:00,ETH/BTC,0.023166,0.026460,0.023166,0.025668,18670.128206,479.227091
1581379200,2020-02-11 00:00:00,ETH/BTC,0.022624,0.023320,0.022378,0.023136,6418.911785,148.510382
1581292800,2020-02-10 00:00:00,ETH/BTC,0.022494,0.022802,0.022084,0.022652,6097.281160,138.114515
1581206400,2020-02-09 00:00:00,ETH/BTC,0.022538,0.022853,0.022286,0.022523,4894.057518,110.227781
1581120000,2020-02-08 00:00:00,ETH/BTC,0.022769,0.023139,0.022051,0.022545,6112.378450,137.805895
1581033600,2020-02-07 00:00:00,ETH/BTC,0.021825,0.022815,0.021823,0.022783,7387.772579,168.314219
1580947200,2020-02-06 00:00:00,ETH/BTC,0.021204,0.021977,0.021070,0.021830,6254.271323,136.529992
1580860800,2020-02-05 00:00:00,ETH/BTC,0.020542,0.021419,0.020454,0.021216,5088.993481,107.966152
1580774400,2020-02-04 00:00:00,ETH/BTC,0.020413,0.020583,0.020146,0.020550,2573.118010,52.877086
1580688000,2020-02-03 00:00:00,ETH/BTC,0.020150,0.020540,0.020140,0.020415,6146.484467,125.480603
1580601600,2020-02-02 00:00:00,ETH/BTC,0.019583,0.020431,0.019437,0.020165,4926.010553,99.331180
1580515200,2020-02-01 00:00:00,ETH/BTC,0.019216,0.019603,0.019189,0.019597,1663.611643,32.601248
1580428800,2020-01-31 00:00:00,ETH/BTC,0.019419,0.019523,0.019026,0.019245,7034.198933,135.372385
1580342400,2020-01-30 00:00:00,ETH/BTC,0.018635,0.019520,0.018523,0.019390,3437.483936,66.651610
1580256000,2020-01-29 00:00:00,ETH/BTC,0.018669,0.019058,0.018669,0.018674,2374.449339,44.340158
1580169600,2020-01-28 00:00:00,ETH/BTC,0.019087,0.019165,0.018730,0.018741,6668.251956,124.967843
1580083200,2020-01-27 00:00:00,ETH/BTC,0.019460,0.019524,0.019023,0.019063,3651.298766,69.604708
1579996800,2020-01-26 00:00:00,ETH/BTC,0.019190,0.019538,0.019159,0.019460,1192.755197,23.211016
1579910400,2020-01-25 00:00:00,ETH/BTC,0.019120,0.019341,0.019015,0.019221,639.554396,12.292722
1579824000,2020-01-24 00:00:00,ETH/BTC,0.019359,0.019444,0.018851,0.019225,1737.512847,33.404310
1579737600,2020-01-23 00:00:00,ETH/BTC,0.019359,0.019559,0.019100,0.019430,2940.323265,57.130481
1579651200,2020-01-22 00:00:00,ETH/BTC,0.019439,0.019505,0.019240,0.019378,2130.906632,41.292709
1579564800,2020-01-21 00:00:00,ETH/BTC,0.019258,0.019501,0.019190,0.019370,1135.971898,22.003776
1579478400,2020-01-20 00:00:00,ETH/BTC,0.019184,0.019404,0.018875,0.019308,2239.058531,43.231742
1579392000,2020-01-19 00:00:00,ETH/BTC,0.019510,0.019665,0.018889,0.019200,4034.918039,77.470507
1579305600,2020-01-18 00:00:00,ETH/BTC,0.019098,0.020000,0.018736,0.019666,5355.832490,105.326677
1579219200,2020-01-17 00:00:00,ETH/BTC,0.018833,0.019400,0.018734,0.019143,4918.143472,94.145955
1579132800,2020-01-16 00:00:00,ETH/BTC,0.018861,0.018935,0.018406,0.018835,1233.723796,23.237299
1579046400,2020-01-15 00:00:00,ETH/BTC,0.018778,0.019440,0.018450,0.018833,7309.110323,137.653206
1578960000,2020-01-14 00:00:00,ETH/BTC,0.017709,0.019299,0.017357,0.018808,9434.443051,177.440458
1578873600,2020-01-13 00:00:00,ETH/BTC,0.017919,0.017919,0.017584,0.017695,1516.458837,26.833739
1578787200,2020-01-12 00:00:00,ETH/BTC,0.017790,0.017907,0.017640,0.017900,2739.235292,49.032257
1578700800,2020-01-11 00:00:00,ETH/BTC,0.017660,0.018040,0.017552,0.017780,916.322796,16.292228
1578614400,2020-01-10 00:00:00,ETH/BTC,0.017568,0.017918,0.017490,0.017700,2837.930272,50.231337
1578528000,2020-01-09 00:00:00,ETH/BTC,0.017525,0.017700,0.017319,0.017616,2070.580968,36.475127
1578441600,2020-01-08 00:00:00,ETH/BTC,0.017556,0.017556,0.016687,0.017504,18571.056688,325.074648
1578355200,2020-01-07 00:00:00,ETH/BTC,0.018500,0.018500,0.017517,0.017517,5819.464400,101.937230
1578268800,2020-01-06 00:00:00,ETH/BTC,0.018403,0.018905,0.018387,0.018570,5327.719889,98.935758
1578182400,2020-01-05 00:00:00,ETH/BTC,0.018263,0.018578,0.018148,0.018395,2698.634685,49.641601
1578096000,2020-01-04 00:00:00,ETH/BTC,0.018315,0.018374,0.018149,0.018230,1166.045995,21.257147
1578009600,2020-01-03 00:00:00,ETH/BTC,0.018262,0.018402,0.017800,0.018291,3812.932545,69.742921
1577923200,2020-01-02 00:00:00,ETH/BTC,0.018152,0.018316,0.017974,0.018258,1871.999677,34.179401
1577836800,2020-01-01 00:00:00,ETH/BTC,0.017970,0.018354,0.017922,0.018143,749.640216,13.601060
1577750400,2019-12-31 00:00:00,ETH/BTC,0.018208,0.018287,0.017891,0.017973,1155.984213,20.776597
1577664000,2019-12-30 00:00:00,ETH/BTC,0.018158,0.018418,0.017927,0.018187,6162.356617,112.077183
1577577600,2019-12-29 00:00:00,ETH/BTC,0.017516,0.018355,0.017484,0.018190,3839.665027,69.843353
1577491200,2019-12-28 00:00:00,ETH/BTC,0.017403,0.017667,0.017392,0.017502,1144.214761,20.026401
1577404800,2019-12-27 00:00:00,ETH/BTC,0.017399,0.017501,0.017260,0.017465,1720.880266,30.055329
1577318400,2019-12-26 00:00:00,ETH/BTC,0.017381,0.017802,0.017290,0.017430,3269.577990,56.988744
1577232000,2019-12-25 00:00:00,ETH/BTC,0.017608,0.017637,0.017195,0.017390,2362.549447,41.084735
1577145600,2019-12-24 00:00:00,ETH/BTC,0.017514,0.017736,0.017386,0.017622,1566.064158,27.597026
1577059200,2019-12-23 00:00:00,ETH/BTC,0.017545,0.017766,0.017214,0.017423,2336.807627,40.713709
1576972800,2019-12-22 00:00:00,ETH/BTC,0.017817,0.018159,0.017607,0.017607,895.542945,15.768201
1576886400,2019-12-21 00:00:00,ETH/BTC,0.017873,0.017890,0.017750,0.017810,346.204603,6.165866
1576800000,2019-12-20 00:00:00,ETH/BTC,0.017969,0.017978,0.017489,0.017869,15830.653256,282.881742
1576713600,2019-12-19 00:00:00,ETH/BTC,0.018290,0.018340,0.017573,0.017900,4631.449401,82.902944
1576627200,2019-12-18 00:00:00,ETH/BTC,0.018433,0.018790,0.017974,0.018271,5225.851639,95.482215
1576540800,2019-12-17 00:00:00,ETH/BTC,0.019232,0.019318,0.018209,0.018381,4786.641275,87.985312
1576454400,2019-12-16 00:00:00,ETH/BTC,0.020016,0.020089,0.018840,0.019254,16050.252364,309.027386
1576368000,2019-12-15 00:00:00,ETH/BTC,0.020051,0.020130,0.019850,0.020004,1983.608227,39.679544
1576281600,2019-12-14 00:00:00,ETH/BTC,0.019970,0.020170,0.019839,0.020023,880.804207,17.636219
1576195200,2019-12-13 00:00:00,ETH/BTC,0.020124,0.020151,0.019836,0.019970,754.738098,15.072112
1576108800,2019-12-12 00:00:00,ETH/BTC,0.019859,0.020177,0.019610,0.020100,1987.388672,39.946572
1576022400,2019-12-11 00:00:00,ETH/BTC,0.020120,0.020199,0.019756,0.019865,997.628991,19.817900
1575936000,2019-12-10 00:00:00,ETH/BTC,0.020074,0.020200,0.019935,0.020150,2332.602562,47.001918
1575849600,2019-12-09 00:00:00,ETH/BTC,0.020029,0.020117,0.019756,0.020076,3379.137867,67.838490
1575763200,2019-12-08 00:00:00,ETH/BTC,0.019666,0.020089,0.019666,0.020025,1471.874440,29.473697
1575676800,2019-12-07 00:00:00,ETH/BTC,0.019710,0.019772,0.019600,0.019657,516.186618,10.146613
1575590400,2019-12-06 00:00:00,ETH/BTC,0.020083,0.020097,0.019682,0.019698,669.857672,13.194910
1575504000,2019-12-05 00:00:00,ETH/BTC,0.020190,0.020222,0.019785,0.020030,1991.542795,39.890602
1575417600,2019-12-04 00:00:00,ETH/BTC,0.020170,0.020346,0.019491,0.020210,4458.853684,90.113032
1575331200,2019-12-03 00:00:00,ETH/BTC,0.020287,0.020393,0.020112,0.020198,1303.265780,26.323193
1575244800,2019-12-02 00:00:00,ETH/BTC,0.020423,0.020520,0.020246,0.020349,940.559232,19.138979
1575158400,2019-12-01 00:00:00,ETH/BTC,0.020029,0.020590,0.019961,0.020435,1312.403161,26.818749
1575072000,2019-11-30 00:00:00,ETH/BTC,0.019940,0.020165,0.019818,0.020112,1741.887220,35.033271
1574985600,2019-11-29 00:00:00,ETH/BTC,0.020303,0.020500,0.019758,0.019971,2484.458921,49.616185
1574899200,2019-11-28 00:00:00,ETH/BTC,0.020404,0.020500,0.020043,0.020292,4287.395773,86.999321
1574812800,2019-11-27 00:00:00,ETH/BTC,0.020627,0.020758,0.020255,0.020332,4334.136075,88.122521
1574726400,2019-11-26 00:00:00,ETH/BTC,0.020467,0.020822,0.020354,0.020631,2157.691519,44.516175
1574640000,2019-11-25 00:00:00,ETH/BTC,0.020340,0.021123,0.020150,0.020496,9458.141873,193.852657
1574553600,2019-11-24 00:00:00,ETH/BTC,0.020800,0.020939,0.020222,0.020279,896.540108,18.180515
1574467200,2019-11-23 00:00:00,ETH/BTC,0.020612,0.021067,0.020420,0.020787,1128.749823,23.463774
1574380800,2019-11-22 00:00:00,ETH/BTC,0.021102,0.021207,0.020262,0.020570,10460.542398,215.173357
1574294400,2019-11-21 00:00:00,ETH/BTC,0.021584,0.021712,0.020838,0.021125,6364.408713,134.450807
1574208000,2019-11-20 00:00:00,ETH/BTC,0.021604,0.021800,0.021475,0.021596,1119.829758,24.183922
1574121600,2019-11-19 00:00:00,ETH/BTC,0.021711,0.021787,0.021424,0.021636,893.564211,19.333557
1574035200,2019-11-18 00:00:00,ETH/BTC,0.021640,0.021794,0.021445,0.021741,1793.176018,38.985978
1573948800,2019-11-17 00:00:00,ETH/BTC,0.021495,0.021710,0.021365,0.021647,1393.793746,30.170938
1573862400,2019-11-16 00:00:00,ETH/BTC,0.021221,0.021604,0.021220,0.021506,368.236579,7.919329
1573776000,2019-11-15 00:00:00,ETH/BTC,0.021373,0.021482,0.020974,0.021282,4905.187000,104.394299
1573689600,2019-11-14 00:00:00,ETH/BTC,0.021450,0.021530,0.021220,0.021393,1325.059691,28.346909
1573603200,2019-11-13 00:00:00,ETH/BTC,0.021215,0.021597,0.021159,0.021486,2074.316291,44.567785
1573516800,2019-11-12 00:00:00,ETH/BTC,0.021154,0.021421,0.021075,0.021208,1656.942703,35.140441
1573430400,2019-11-11 00:00:00,ETH/BTC,0.020921,0.021481,0.020921,0.021194,5185.592158,109.903803
1573344000,2019-11-10 00:00:00,ETH/BTC,0.021008,0.021580,0.020800,0.020890,3873.101374,80.909126
1573257600,2019-11-09 00:00:00,ETH/BTC,0.020940,0.021050,0.020820,0.020977,750.487928,15.742760
1573171200,2019-11-08 00:00:00,ETH/BTC,0.020336,0.020990,0.020133,0.020940,1805.285178,37.802672
1573084800,2019-11-07 00:00:00,ETH/BTC,0.020445,0.020498,0.020160,0.020294,1404.962440,28.511676
1572998400,2019-11-06 00:00:00,ETH/BTC,0.020302,0.020717,0.020234,0.020462,1491.981017,30.529363
1572912000,2019-11-05 00:00:00,ETH/BTC,0.019773,0.020550,0.019713,0.020304,2922.574967,59.341365
1572825600,2019-11-04 00:00:00,ETH/BTC,0.019764,0.020220,0.019687,0.019810,3421.867935,67.785767
1572739200,2019-11-03 00:00:00,ETH/BTC,0.019692,0.019910,0.019589,0.019756,1167.702728,23.068656
1572652800,2019-11-02 00:00:00,ETH/BTC,0.019860,0.019906,0.019620,0.019664,836.495982,16.448916
1572566400,2019-11-01 00:00:00,ETH/BTC,0.019900,0.020082,0.019504,0.019820,3743.627936,74.198706
1572480000,2019-10-31 00:00:00,ETH/BTC,0.020000,0.020112,0.019610,0.019930,6809.957379,135.722655
1572393600,2019-10-30 00:00:00,ETH/BTC,0.020284,0.020513,0.019868,0.020000,5771.653068,115.433004
1572307200,2019-10-29 00:00:00,ETH/BTC,0.019696,0.020438,0.019565,0.020162,5293.532198,106.728249
1572220800,2019-10-28 00:00:00,ETH/BTC,0.019267,0.019777,0.018997,0.019777,6906.580865,136.593660
1572134400,2019-10-27 00:00:00,ETH/BTC,0.019414,0.019620,0.019110,0.019255,2624.183641,50.529968
1572048000,2019-10-26 00:00:00,ETH/BTC,0.020990,0.021010,0.018868,0.019406,4183.840692,81.193453
1571961600,2019-10-25 00:00:00,ETH/BTC,0.021622,0.021957,0.020854,0.020951,9687.597852,202.964088
1571875200,2019-10-24 00:00:00,ETH/BTC,0.021722,0.021810,0.021380,0.021580,4738.740802,102.262027
1571788800,2019-10-23 00:00:00,ETH/BTC,0.021330,0.021726,0.020648,0.021726,19189.338636,416.900279
1571702400,2019-10-22 00:00:00,ETH/BTC,0.021210,0.021345,0.020885,0.021329,1534.076825,32.720386
1571616000,2019-10-21 00:00:00,ETH/BTC,0.021263,0.021475,0.020994,0.021222,5046.866476,107.106871
1571529600,2019-10-20 00:00:00,ETH/BTC,0.021630,0.021670,0.021208,0.021346,1923.899359,41.067383
1571443200,2019-10-19 00:00:00,ETH/BTC,0.021759,0.021920,0.021409,0.021550,8077.155894,174.062790
1571356800,2019-10-18 00:00:00,ETH/BTC,0.021940,0.022063,0.021497,0.021790,7424.831365,161.787001
1571270400,2019-10-17 00:00:00,ETH/BTC,0.021843,0.022060,0.021773,0.021980,2191.781983,48.175368
1571184000,2019-10-16 00:00:00,ETH/BTC,0.022117,0.022200,0.021720,0.021840,5916.989414,129.227049
1571097600,2019-10-15 00:00:00,ETH/BTC,0.022373,0.022502,0.021840,0.022119,8462.982498,187.191864
1571011200,2019-10-14 00:00:00,ETH/BTC,0.021871,0.022474,0.021871,0.022370,6080.179317,136.011301
1570924800,2019-10-13 00:00:00,ETH/BTC,0.021620,0.021951,0.021620,0.021877,1548.203648,33.870732
1570838400,2019-10-12 00:00:00,ETH/BTC,0.021860,0.022107,0.021343,0.021613,2755.708140,59.559919
1570752000,2019-10-11 00:00:00,ETH/BTC,0.022322,0.022695,0.021574,0.021824,13178.812036,287.610836
1570665600,2019-10-10 00:00:00,ETH/BTC,0.022500,0.022606,0.022017,0.022345,6150.536384,137.431767
1570579200,2019-10-09 00:00:00,ETH/BTC,0.022118,0.023062,0.022066,0.022581,22455.138664,507.066896
1570492800,2019-10-08 00:00:00,ETH/BTC,0.021995,0.022340,0.021793,0.022054,5980.008904,131.884851
1570406400,2019-10-07 00:00:00,ETH/BTC,0.021740,0.022100,0.021603,0.022010,8326.368951,183.263297
1570320000,2019-10-06 00:00:00,ETH/BTC,0.021695,0.021970,0.021442,0.021675,6074.026599,131.657017
1570233600,2019-10-05 00:00:00,ETH/BTC,0.021530,0.021803,0.021383,0.021660,1248.560905,27.043642
1570147200,2019-10-04 00:00:00,ETH/BTC,0.021260,0.021782,0.021256,0.021561,3377.169665,72.814953
1570060800,2019-10-03 00:00:00,ETH/BTC,0.021590,0.021590,0.021000,0.021255,2590.153615,55.054104
1569974400,2019-10-02 00:00:00,ETH/BTC,0.021114,0.021709,0.021092,0.021573,1593.123258,34.369101
1569888000,2019-10-01 00:00:00,ETH/BTC,0.021830,0.022100,0.021001,0.021280,2888.176369,61.460422
1569801600,2019-09-30 00:00:00,ETH/BTC,0.021053,0.021842,0.021040,0.021822,4057.835953,88.549244
1569715200,2019-09-29 00:00:00,ETH/BTC,0.021180,0.021221,0.020680,0.021077,2806.871393,59.159558
1569628800,2019-09-28 00:00:00,ETH/BTC,0.021220,0.021582,0.020925,0.021180,4126.839876,87.406469
1569542400,2019-09-27 00:00:00,ETH/BTC,0.020580,0.021560,0.020433,0.021260,3338.589921,70.978422
1569456000,2019-09-26 00:00:00,ETH/BTC,0.020180,0.020616,0.019631,0.020537,9394.775087,192.940026
1569369600,2019-09-25 00:00:00,ETH/BTC,0.019505,0.020370,0.019426,0.020174,6304.727159,127.192890
1569283200,2019-09-24 00:00:00,ETH/BTC,0.020679,0.020768,0.018785,0.019547,33195.125885,648.859814
1569196800,2019-09-23 00:00:00,ETH/BTC,0.021044,0.021343,0.020550,0.020770,3974.726435,82.555068
1569110400,2019-09-22 00:00:00,ETH/BTC,0.021530,0.021530,0.020600,0.021044,5622.642503,118.320584
1569024000,2019-09-21 00:00:00,ETH/BTC,0.021450,0.021800,0.021407,0.021600,4557.875219,98.450150
1568937600,2019-09-20 00:00:00,ETH/BTC,0.021470,0.021560,0.021041,0.021405,8136.258485,174.152789
1568851200,2019-09-19 00:00:00,ETH/BTC,0.020648,0.022249,0.020285,0.021476,15396.340767,330.656279
1568764800,2019-09-18 00:00:00,ETH/BTC,0.020476,0.021290,0.020476,0.020675,6624.371667,136.960739
1568678400,2019-09-17 00:00:00,ETH/BTC,0.019281,0.021009,0.019195,0.020397,24492.641529,499.572735
1568592000,2019-09-16 00:00:00,ETH/BTC,0.018387,0.019557,0.018387,0.019252,14851.704086,285.927532
1568505600,2019-09-15 00:00:00,ETH/BTC,0.018234,0.018450,0.018037,0.018392,10615.519370,195.244029
1568419200,2019-09-14 00:00:00,ETH/BTC,0.017501,0.018230,0.017454,0.018220,5996.752651,109.258375
1568332800,2019-09-13 00:00:00,ETH/BTC,0.017374,0.017653,0.017297,0.017470,1467.845929,25.643298
1568246400,2019-09-12 00:00:00,ETH/BTC,0.017534,0.017649,0.017355,0.017386,3489.695154,60.671945
1568160000,2019-09-11 00:00:00,ETH/BTC,0.017791,0.017980,0.017463,0.017532,4215.275636,73.901243
1568073600,2019-09-10 00:00:00,ETH/BTC,0.017577,0.017858,0.017489,0.017793,3085.071732,54.893730
1567987200,2019-09-09 00:00:00,ETH/BTC,0.017432,0.017750,0.017230,0.017529,4437.133605,77.776784
1567900800,2019-09-08 00:00:00,ETH/BTC,0.017020,0.017534,0.017000,0.017431,3667.795065,63.933409
1567814400,2019-09-07 00:00:00,ETH/BTC,0.016390,0.017180,0.016310,0.017019,4379.495906,74.532495
1567728000,2019-09-06 00:00:00,ETH/BTC,0.016455,0.016566,0.016153,0.016400,9101.725512,149.268025
1567641600,2019-09-05 00:00:00,ETH/BTC,0.016520,0.016610,0.016170,0.016483,3495.527147,57.616354
1567555200,2019-09-04 00:00:00,ETH/BTC,0.016828,0.016984,0.016429,0.016560,3126.664929,51.777571
1567468800,2019-09-03 00:00:00,ETH/BTC,0.017213,0.017281,0.016726,0.016839,4716.785871,79.427655
1567382400,2019-09-02 00:00:00,ETH/BTC,0.017590,0.017795,0.017175,0.017219,3493.911371,60.162009
1567296000,2019-09-01 00:00:00,ETH/BTC,0.017880,0.018034,0.017495,0.017563,4308.478192,75.671698
1567209600,2019-08-31 00:00:00,ETH/BTC,0.017570,0.018088,0.017402,0.017930,1325.761169,23.770885
1567123200,2019-08-30 00:00:00,ETH/BTC,0.017828,0.017850,0.017519,0.017570,2068.164520,36.337692
1567036800,2019-08-29 00:00:00,ETH/BTC,0.017762,0.017976,0.017470,0.017804,4070.164872,72.465215
1566950400,2019-08-28 00:00:00,ETH/BTC,0.018390,0.018430,0.017247,0.017806,9055.246423,161.235997
1566864000,2019-08-27 00:00:00,ETH/BTC,0.018166,0.018575,0.018132,0.018409,1722.112859,31.702014
1566777600,2019-08-26 00:00:00,ETH/BTC,0.018334,0.018627,0.018063,0.018180,5837.068674,106.118259
1566691200,2019-08-25 00:00:00,ETH/BTC,0.018819,0.018835,0.018279,0.018440,1584.912367,29.226085
1566604800,2019-08-24 00:00:00,ETH/BTC,0.018668,0.018976,0.018520,0.018840,1589.108802,29.938810
1566518400,2019-08-23 00:00:00,ETH/BTC,0.018832,0.019076,0.018520,0.018680,4379.225416,81.804062
1566432000,2019-08-22 00:00:00,ETH/BTC,0.018490,0.019143,0.018490,0.018928,1929.233362,36.517069
1566345600,2019-08-21 00:00:00,ETH/BTC,0.018225,0.018638,0.018122,0.018476,4688.578275,86.625234
1566259200,2019-08-20 00:00:00,ETH/BTC,0.018525,0.018550,0.018204,0.018290,3561.713590,65.143742
1566172800,2019-08-19 00:00:00,ETH/BTC,0.018870,0.018913,0.018363,0.018580,4432.033240,82.346823
1566086400,2019-08-18 00:00:00,ETH/BTC,0.018184,0.018980,0.018092,0.018840,2273.732261,42.837139
1566000000,2019-08-17 00:00:00,ETH/BTC,0.017960,0.018250,0.017800,0.018160,1168.102074,21.212734
1565913600,2019-08-16 00:00:00,ETH/BTC,0.018284,0.018517,0.017660,0.017910,9249.500116,165.658547
1565827200,2019-08-15 00:00:00,ETH/BTC,0.018534,0.018836,0.017960,0.018270,11346.372152,207.298106
1565740800,2019-08-14 00:00:00,ETH/BTC,0.019186,0.019770,0.018034,0.018590,12208.280616,226.950716
1565654400,2019-08-13 00:00:00,ETH/BTC,0.018510,0.019274,0.018354,0.019200,3537.303201,67.916221
1565568000,2019-08-12 00:00:00,ETH/BTC,0.018739,0.018739,0.018499,0.018567,2042.152213,37.916416
1565481600,2019-08-11 00:00:00,ETH/BTC,0.018256,0.019257,0.018256,0.018731,44436.334715,832.343651
1565395200,2019-08-10 00:00:00,ETH/BTC,0.017753,0.018293,0.017738,0.018262,3780.504108,69.039755
1565308800,2019-08-09 00:00:00,ETH/BTC,0.018359,0.018523,0.017559,0.017720,8742.002927,154.908554
1565222400,2019-08-08 00:00:00,ETH/BTC,0.018842,0.019085,0.018387,0.018410,9964.833050,183.452576
1565136000,2019-08-07 00:00:00,ETH/BTC,0.019689,0.019703,0.018753,0.018875,9319.654916,175.906157
1565049600,2019-08-06 00:00:00,ETH/BTC,0.019717,0.019912,0.019096,0.019702,14054.375530,276.900853
1564963200,2019-08-05 00:00:00,ETH/BTC,0.020260,0.020348,0.019400,0.019725,8058.712929,158.960047
1564876800,2019-08-04 00:00:00,ETH/BTC,0.020518,0.020576,0.020104,0.020311,1352.635139,27.473115
1564790400,2019-08-03 00:00:00,ETH/BTC,0.020667,0.020905,0.020368,0.020490,1712.857298,35.096789
1564704000,2019-08-02 00:00:00,ETH/BTC,0.020882,0.021150,0.020571,0.020657,4856.538859,100.321086
1564617600,2019-08-01 00:00:00,ETH/BTC,0.021666,0.021666,0.020771,0.020886,9222.545848,192.620709
1564531200,2019-07-31 00:00:00,ETH/BTC,0.021867,0.022112,0.021440,0.021650,6012.106944,130.162115
1564444800,2019-07-30 00:00:00,ETH/BTC,0.022190,0.022190,0.021783,0.021910,3304.931874,72.410793
1564358400,2019-07-29 00:00:00,ETH/BTC,0.022177,0.022253,0.021910,0.022160,1980.216344,43.881634
1564272000,2019-07-28 00:00:00,ETH/BTC,0.021930,0.022340,0.021623,0.022166,2272.944597,50.382090
1564185600,2019-07-27 00:00:00,ETH/BTC,0.022240,0.022263,0.021614,0.021858,5031.981739,109.987547
1564099200,2019-07-26 00:00:00,ETH/BTC,0.022200,0.022380,0.021995,0.022281,1907.224845,42.494820
1564012800,2019-07-25 00:00:00,ETH/BTC,0.022166,0.022372,0.021957,0.022209,2890.909539,64.204210
1563926400,2019-07-24 00:00:00,ETH/BTC,0.021551,0.022451,0.020851,0.022140,3767.000930,83.401438
1563840000,2019-07-23 00:00:00,ETH/BTC,0.021049,0.021609,0.020959,0.021526,3986.944845,85.822696
1563753600,2019-07-22 00:00:00,ETH/BTC,0.021326,0.021370,0.020830,0.021043,3324.778215,69.962543
1563667200,2019-07-21 00:00:00,ETH/BTC,0.021271,0.021434,0.020977,0.021314,1554.451312,33.132244
1563580800,2019-07-20 00:00:00,ETH/BTC,0.021112,0.021871,0.021024,0.021301,3612.705029,76.952821
1563494400,2019-07-19 00:00:00,ETH/BTC,0.021241,0.021310,0.020820,0.021041,2780.038292,58.495119
1563408000,2019-07-18 00:00:00,ETH/BTC,0.021754,0.022383,0.021034,0.021257,14506.389688,308.364356
1563321600,2019-07-17 00:00:00,ETH/BTC,0.021073,0.022340,0.020985,0.021840,6251.635388,136.535592
1563235200,2019-07-16 00:00:00,ETH/BTC,0.021133,0.021395,0.020080,0.021090,11600.904847,244.663083
1563148800,2019-07-15 00:00:00,ETH/BTC,0.022229,0.022263,0.020512,0.021020,9823.459136,206.489111
1563062400,2019-07-14 00:00:00,ETH/BTC,0.023650,0.024050,0.022042,0.022210,7967.613171,176.960370
1562976000,2019-07-13 00:00:00,ETH/BTC,0.023360,0.024300,0.023270,0.023746,1727.728739,41.026284
1562889600,2019-07-12 00:00:00,ETH/BTC,0.023765,0.024046,0.023250,0.023370,2698.808610,63.071103
1562803200,2019-07-11 00:00:00,ETH/BTC,0.023894,0.024245,0.023040,0.023690,4765.789712,112.901701
1562716800,2019-07-10 00:00:00,ETH/BTC,0.024470,0.024607,0.022890,0.023868,9667.429820,230.746662
1562630400,2019-07-09 00:00:00,ETH/BTC,0.025470,0.025622,0.024379,0.024501,7014.810953,171.866656
1562544000,2019-07-08 00:00:00,ETH/BTC,0.026737,0.026910,0.025256,0.025428,7247.254417,184.283620
1562457600,2019-07-07 00:00:00,ETH/BTC,0.025646,0.027019,0.025561,0.026719,2440.046727,65.196341
1562371200,2019-07-06 00:00:00,ETH/BTC,0.025860,0.025925,0.025250,0.025570,2311.726135,59.111785
1562284800,2019-07-05 00:00:00,ETH/BTC,0.025341,0.026427,0.025155,0.026179,5950.500020,155.780580
1562198400,2019-07-04 00:00:00,ETH/BTC,0.025250,0.025619,0.024868,0.025370,11498.803855,291.724654
1562112000,2019-07-03 00:00:00,ETH/BTC,0.026807,0.026807,0.025152,0.025280,8446.850875,213.536390
1562025600,2019-07-02 00:00:00,ETH/BTC,0.027818,0.028320,0.026542,0.026869,7046.823070,189.343415
1561939200,2019-07-01 00:00:00,ETH/BTC,0.026981,0.028006,0.026690,0.027810,12223.639363,339.939411
1561852800,2019-06-30 00:00:00,ETH/BTC,0.026746,0.027042,0.026070,0.026931,3327.554864,89.614247
1561766400,2019-06-29 00:00:00,ETH/BTC,0.025114,0.027084,0.025030,0.026790,21576.880332,578.046566
1561680000,2019-06-28 00:00:00,ETH/BTC,0.026330,0.027091,0.024965,0.025050,13008.537712,325.863740
1561593600,2019-06-27 00:00:00,ETH/BTC,0.025950,0.027289,0.025650,0.026370,19924.472013,525.408128
1561507200,2019-06-26 00:00:00,ETH/BTC,0.026947,0.027630,0.025297,0.025874,30055.233369,777.652114
1561420800,2019-06-25 00:00:00,ETH/BTC,0.028165,0.028195,0.026891,0.026937,4813.110472,129.652489
1561334400,2019-06-24 00:00:00,ETH/BTC,0.028275,0.028603,0.027985,0.028177,6658.835595,187.625212
1561248000,2019-06-23 00:00:00,ETH/BTC,0.029034,0.029450,0.028091,0.028310,4181.725114,118.384638
1561161600,2019-06-22 00:00:00,ETH/BTC,0.028954,0.029711,0.027830,0.029034,7543.850340,219.028000
1561075200,2019-06-21 00:00:00,ETH/BTC,0.028535,0.029858,0.028526,0.029021,8670.943038,251.637704
1560988800,2019-06-20 00:00:00,ETH/BTC,0.028958,0.029043,0.028091,0.028512,5661.960364,161.434550
1560902400,2019-06-19 00:00:00,ETH/BTC,0.029173,0.029428,0.028929,0.028967,3935.510526,113.998989
1560816000,2019-06-18 00:00:00,ETH/BTC,0.029303,0.029482,0.028860,0.029164,6011.001083,175.306338
1560729600,2019-06-17 00:00:00,ETH/BTC,0.029947,0.029947,0.029080,0.029407,4676.565609,137.525074
1560643200,2019-06-16 00:00:00,ETH/BTC,0.030360,0.030420,0.029310,0.029950,5700.286399,170.724946
1560556800,2019-06-15 00:00:00,ETH/BTC,0.030400,0.030870,0.030200,0.030430,1512.961890,46.039430
1560470400,2019-06-14 00:00:00,ETH/BTC,0.031147,0.031186,0.030260,0.030344,4160.435776,126.245178
1560384000,2019-06-13 00:00:00,ETH/BTC,0.032110,0.032267,0.030769,0.031004,2105.539439,65.280145
1560297600,2019-06-12 00:00:00,ETH/BTC,0.031069,0.032240,0.030837,0.032150,2794.019142,89.828023
1560211200,2019-06-11 00:00:00,ETH/BTC,0.030917,0.031220,0.030718,0.030959,2757.645268,85.373554
1560124800,2019-06-10 00:00:00,ETH/BTC,0.030318,0.031088,0.030208,0.030915,2243.543427,69.359123
1560038400,2019-06-09 00:00:00,ETH/BTC,0.030844,0.030930,0.030000,0.030336,2664.641471,80.834910
1559952000,2019-06-08 00:00:00,ETH/BTC,0.031237,0.031336,0.030792,0.030850,465.787853,14.369555
1559865600,2019-06-07 00:00:00,ETH/BTC,0.032003,0.032091,0.031120,0.031200,2969.837464,92.658929
1559779200,2019-06-06 00:00:00,ETH/BTC,0.031540,0.032074,0.031264,0.032030,2593.414469,83.067454
1559692800,2019-06-05 00:00:00,ETH/BTC,0.031385,0.031845,0.030936,0.031662,3819.745756,120.940714
1559606400,2019-06-04 00:00:00,ETH/BTC,0.030786,0.031639,0.030672,0.031353,5231.740666,164.030504
1559520000,2019-06-03 00:00:00,ETH/BTC,0.030799,0.031090,0.030397,0.030744,3283.814996,100.957313
1559433600,2019-06-02 00:00:00,ETH/BTC,0.030940,0.031278,0.030667,0.030907,1515.229699,46.831280
1559347200,2019-06-01 00:00:00,ETH/BTC,0.031330,0.032120,0.030860,0.031030,2290.503931,71.074337
1559260800,2019-05-31 00:00:00,ETH/BTC,0.030670,0.031318,0.030200,0.031251,4101.052964,128.162293
1559174400,2019-05-30 00:00:00,ETH/BTC,0.031085,0.033132,0.029800,0.030809,9242.973371,284.765010
1559088000,2019-05-29 00:00:00,ETH/BTC,0.031108,0.031360,0.030727,0.031085,2535.520782,78.817145
1559001600,2019-05-28 00:00:00,ETH/BTC,0.030930,0.031570,0.030720,0.031088,2797.154219,86.958714
1558915200,2019-05-27 00:00:00,ETH/BTC,0.030720,0.031327,0.030306,0.030946,3157.456011,97.711739
1558828800,2019-05-26 00:00:00,ETH/BTC,0.031230,0.031385,0.030110,0.030757,2907.202267,89.415541
1558742400,2019-05-25 00:00:00,ETH/BTC,0.031146,0.031920,0.031050,0.031349,1549.900757,48.587622
1558656000,2019-05-24 00:00:00,ETH/BTC,0.031130,0.031660,0.031047,0.031200,1842.770037,57.494425
1558569600,2019-05-23 00:00:00,ETH/BTC,0.031930,0.032090,0.030700,0.031103,3738.180652,116.266876
1558483200,2019-05-22 00:00:00,ETH/BTC,0.032099,0.032634,0.031380,0.031940,3985.553472,127.298418
1558396800,2019-05-21 00:00:00,ETH/BTC,0.031647,0.032754,0.031568,0.032070,5023.439192,161.102097
1558310400,2019-05-20 00:00:00,ETH/BTC,0.031730,0.032220,0.031025,0.031558,6828.010004,215.477452
1558224000,2019-05-19 00:00:00,ETH/BTC,0.032110,0.032440,0.031640,0.031839,4687.936616,149.258417
1558137600,2019-05-18 00:00:00,ETH/BTC,0.033199,0.033424,0.031928,0.032190,2839.953134,91.418233
1558051200,2019-05-17 00:00:00,ETH/BTC,0.033600,0.034100,0.031545,0.033199,20927.097745,694.758718
1557964800,2019-05-16 00:00:00,ETH/BTC,0.030406,0.034839,0.030390,0.033604,26746.055393,898.762945
1557878400,2019-05-15 00:00:00,ETH/BTC,0.027302,0.030545,0.027079,0.030321,23396.841158,709.407432
1557792000,2019-05-14 00:00:00,ETH/BTC,0.025090,0.027800,0.024870,0.027221,14878.951039,405.018290
1557705600,2019-05-13 00:00:00,ETH/BTC,0.026953,0.027241,0.024522,0.025120,15235.051813,382.704502
1557619200,2019-05-12 00:00:00,ETH/BTC,0.026613,0.027259,0.026180,0.026956,6922.367153,186.597045
1557532800,2019-05-11 00:00:00,ETH/BTC,0.027110,0.028561,0.025541,0.026818,14774.863136,396.237008
1557446400,2019-05-10 00:00:00,ETH/BTC,0.027622,0.028150,0.026996,0.027110,17322.867991,469.622951
1557360000,2019-05-09 00:00:00,ETH/BTC,0.028422,0.028528,0.027286,0.027627,4699.425193,129.830550
1557273600,2019-05-08 00:00:00,ETH/BTC,0.028900,0.029140,0.028384,0.028588,9450.128353,270.162632
1557187200,2019-05-07 00:00:00,ETH/BTC,0.030064,0.031400,0.028858,0.028960,11943.438044,345.880174
1557100800,2019-05-06 00:00:00,ETH/BTC,0.028280,0.030780,0.028124,0.030064,3642.326187,109.501984
1557014400,2019-05-05 00:00:00,ETH/BTC,0.028072,0.028428,0.027841,0.028226,3981.819523,112.389962
1556928000,2019-05-04 00:00:00,ETH/BTC,0.029133,0.029190,0.028031,0.028080,1574.893651,44.222951
1556841600,2019-05-03 00:00:00,ETH/BTC,0.029400,0.029604,0.028111,0.029110,3339.823305,97.221956
1556755200,2019-05-02 00:00:00,ETH/BTC,0.029710,0.029926,0.029160,0.029495,1398.852068,41.259142
1556668800,2019-05-01 00:00:00,ETH/BTC,0.030460,0.030650,0.029613,0.029830,2931.522331,87.447253
1556582400,2019-04-30 00:00:00,ETH/BTC,0.029602,0.030471,0.029602,0.030400,2749.609096,83.588117
1556496000,2019-04-29 00:00:00,ETH/BTC,0.029700,0.029888,0.029231,0.029630,2799.337538,82.944371
1556409600,2019-04-28 00:00:00,ETH/BTC,0.030100,0.030100,0.029748,0.029778,1509.485407,44.949396
1556323200,2019-04-27 00:00:00,ETH/BTC,0.029750,0.030438,0.029630,0.030040,1947.483854,58.502396
1556236800,2019-04-26 00:00:00,ETH/BTC,0.029680,0.029858,0.029228,0.029738,6477.858835,192.637011
1556150400,2019-04-25 00:00:00,ETH/BTC,0.030388,0.030388,0.029237,0.029670,4671.161906,138.593093
1556064000,2019-04-24 00:00:00,ETH/BTC,0.030749,0.030840,0.029719,0.030470,15616.807828,475.842260
1555977600,2019-04-23 00:00:00,ETH/BTC,0.031819,0.031870,0.030660,0.030850,5400.406994,166.602556
1555891200,2019-04-22 00:00:00,ETH/BTC,0.032120,0.032460,0.031784,0.031784,1817.440717,57.765354
1555804800,2019-04-21 00:00:00,ETH/BTC,0.032600,0.032650,0.031815,0.032100,1529.926512,49.110595
1555718400,2019-04-20 00:00:00,ETH/BTC,0.032900,0.033200,0.032450,0.032630,3272.970110,106.797309
1555632000,2019-04-19 00:00:00,ETH/BTC,0.032930,0.033080,0.032461,0.032867,789.557941,25.950203
1555545600,2019-04-18 00:00:00,ETH/BTC,0.031826,0.033244,0.031826,0.032910,10132.260364,333.452689
1555459200,2019-04-17 00:00:00,ETH/BTC,0.031955,0.031997,0.031654,0.031880,930.762273,29.672599
1555372800,2019-04-16 00:00:00,ETH/BTC,0.031848,0.032335,0.031773,0.032074,4180.710378,134.090223
1555286400,2019-04-15 00:00:00,ETH/BTC,0.032606,0.032657,0.031043,0.031843,19171.386290,610.474454
1555200000,2019-04-14 00:00:00,ETH/BTC,0.032350,0.032642,0.032152,0.032620,773.345921,25.226513
1555113600,2019-04-13 00:00:00,ETH/BTC,0.032362,0.032490,0.032040,0.032359,510.569058,16.521627
1555027200,2019-04-12 00:00:00,ETH/BTC,0.032724,0.032857,0.032197,0.032440,3728.792551,120.961918
1554940800,2019-04-11 00:00:00,ETH/BTC,0.033275,0.033302,0.032210,0.032769,4944.392400,162.024228
1554854400,2019-04-10 00:00:00,ETH/BTC,0.033917,0.034700,0.032632,0.033400,6478.963397,216.397377
1554768000,2019-04-09 00:00:00,ETH/BTC,0.034125,0.034420,0.033730,0.033917,18012.562480,610.939827
1554681600,2019-04-08 00:00:00,ETH/BTC,0.033760,0.035243,0.033760,0.034224,10119.817800,346.342668
1554595200,2019-04-07 00:00:00,ETH/BTC,0.032832,0.034045,0.032460,0.033670,3111.954851,104.779582
1554508800,2019-04-06 00:00:00,ETH/BTC,0.032950,0.033343,0.032205,0.032740,2536.220521,83.036748
1554422400,2019-04-05 00:00:00,ETH/BTC,0.032164,0.033329,0.032001,0.032950,2740.941356,90.314292
1554336000,2019-04-04 00:00:00,ETH/BTC,0.032339,0.032580,0.031390,0.032120,7429.867582,238.647421
1554249600,2019-04-03 00:00:00,ETH/BTC,0.033650,0.034870,0.031437,0.032423,21656.875943,702.185003
1554163200,2019-04-02 00:00:00,ETH/BTC,0.034030,0.034061,0.030506,0.033620,23204.177763,780.125849
1554076800,2019-04-01 00:00:00,ETH/BTC,0.034500,0.034624,0.033860,0.034150,6279.817475,214.455704
1553990400,2019-03-31 00:00:00,ETH/BTC,0.034650,0.034692,0.034281,0.034482,1988.759333,68.576220
1553904000,2019-03-30 00:00:00,ETH/BTC,0.034880,0.035350,0.034480,0.034747,3094.902302,107.537147
1553817600,2019-03-29 00:00:00,ETH/BTC,0.034244,0.034950,0.034122,0.034920,7206.240665,251.642068
1553731200,2019-03-28 00:00:00,ETH/BTC,0.034577,0.034577,0.034075,0.034219,5475.413224,187.363165
1553644800,2019-03-27 00:00:00,ETH/BTC,0.034029,0.034957,0.034000,0.034520,9395.908719,324.346769
1553558400,2019-03-26 00:00:00,ETH/BTC,0.034043,0.034150,0.033840,0.033939,3062.456567,103.937418
1553472000,2019-03-25 00:00:00,ETH/BTC,0.034097,0.034240,0.033647,0.034070,4077.490733,138.920150
1553385600,2019-03-24 00:00:00,ETH/BTC,0.034356,0.034356,0.033930,0.034120,2011.086649,68.618276
1553299200,2019-03-23 00:00:00,ETH/BTC,0.034080,0.034480,0.034061,0.034300,1414.261538,48.509171
1553212800,2019-03-22 00:00:00,ETH/BTC,0.033803,0.034299,0.033762,0.034100,3240.525709,110.501927
1553126400,2019-03-21 00:00:00,ETH/BTC,0.034380,0.034440,0.033650,0.033880,5870.907018,198.906330
1553040000,2019-03-20 00:00:00,ETH/BTC,0.034460,0.034540,0.034079,0.034406,6010.250782,206.789650
1552953600,2019-03-19 00:00:00,ETH/BTC,0.034510,0.034763,0.034419,0.034487,3039.120864,104.809918
1552867200,2019-03-18 00:00:00,ETH/BTC,0.034800,0.035220,0.034340,0.034570,4577.638381,158.248959
1552780800,2019-03-17 00:00:00,ETH/BTC,0.035211,0.035211,0.034492,0.034827,2706.205732,94.249027
1552694400,2019-03-16 00:00:00,ETH/BTC,0.034847,0.035796,0.034840,0.035240,3694.762866,130.203296
1552608000,2019-03-15 00:00:00,ETH/BTC,0.034102,0.035017,0.034090,0.034717,3867.094848,134.253932
1552521600,2019-03-14 00:00:00,ETH/BTC,0.034050,0.034478,0.033827,0.034070,4849.500420,165.222479
1552435200,2019-03-13 00:00:00,ETH/BTC,0.034390,0.034392,0.033969,0.034080,4224.383658,143.966995
1552348800,2019-03-12 00:00:00,ETH/BTC,0.034380,0.034800,0.033622,0.034410,8469.967313,291.451575
1552262400,2019-03-11 00:00:00,ETH/BTC,0.034575,0.034640,0.034010,0.034226,10057.637009,344.230572
1552176000,2019-03-10 00:00:00,ETH/BTC,0.034880,0.034958,0.034437,0.034536,3027.251009,104.549867
1552089600,2019-03-09 00:00:00,ETH/BTC,0.034500,0.035300,0.034460,0.034840,3536.054817,123.196150
1552003200,2019-03-08 00:00:00,ETH/BTC,0.035331,0.035440,0.034199,0.034501,8066.101177,278.285008
1551916800,2019-03-07 00:00:00,ETH/BTC,0.035660,0.035870,0.035193,0.035210,6629.760103,233.433920
1551830400,2019-03-06 00:00:00,ETH/BTC,0.035460,0.036133,0.034853,0.035590,8170.070130,290.772796
1551744000,2019-03-05 00:00:00,ETH/BTC,0.033890,0.035562,0.033758,0.035440,11276.349925,399.635871
1551657600,2019-03-04 00:00:00,ETH/BTC,0.034273,0.034280,0.033341,0.033812,9612.458793,325.016168
1551571200,2019-03-03 00:00:00,ETH/BTC,0.034730,0.035217,0.033805,0.034252,4034.349774,138.185194
1551484800,2019-03-02 00:00:00,ETH/BTC,0.035400,0.035490,0.034300,0.034660,3222.039459,111.676339
1551398400,2019-03-01 00:00:00,ETH/BTC,0.035519,0.035810,0.035295,0.035360,4324.863445,152.927517
1551312000,2019-02-28 00:00:00,ETH/BTC,0.035272,0.036000,0.034905,0.035489,12663.651987,449.422878
1551225600,2019-02-27 00:00:00,ETH/BTC,0.035643,0.036518,0.034090,0.035287,10004.932347,353.045949
1551139200,2019-02-26 00:00:00,ETH/BTC,0.036042,0.036130,0.035244,0.035784,7385.985431,264.299881
1551052800,2019-02-25 00:00:00,ETH/BTC,0.035350,0.036712,0.035350,0.036010,16771.001649,603.923769
1550966400,2019-02-24 00:00:00,ETH/BTC,0.038356,0.039531,0.035290,0.035310,12938.776099,456.868055
1550880000,2019-02-23 00:00:00,ETH/BTC,0.037169,0.039168,0.036993,0.038355,6279.571503,240.854158
1550793600,2019-02-22 00:00:00,ETH/BTC,0.036965,0.037370,0.036587,0.037224,8404.949084,312.866665
1550707200,2019-02-21 00:00:00,ETH/BTC,0.037378,0.037430,0.036522,0.036959,12861.075434,475.338789
1550620800,2019-02-20 00:00:00,ETH/BTC,0.036670,0.037690,0.036028,0.037480,17138.462595,642.349578
1550534400,2019-02-19 00:00:00,ETH/BTC,0.037341,0.037960,0.036634,0.036750,17367.769808,638.265540
1550448000,2019-02-18 00:00:00,ETH/BTC,0.036440,0.038312,0.036260,0.037401,19205.731998,718.309741
1550361600,2019-02-17 00:00:00,ETH/BTC,0.033950,0.037000,0.033890,0.036510,10175.244841,371.498189
1550275200,2019-02-16 00:00:00,ETH/BTC,0.033780,0.034220,0.033771,0.033940,2092.585866,71.022343
1550188800,2019-02-15 00:00:00,ETH/BTC,0.033540,0.034145,0.033530,0.033720,7452.361776,251.293565
1550102400,2019-02-14 00:00:00,ETH/BTC,0.033760,0.034346,0.033526,0.033526,9403.307522,315.254160
1550016000,2019-02-13 00:00:00,ETH/BTC,0.033680,0.034500,0.033570,0.033787,12558.398640,424.307978
1549929600,2019-02-12 00:00:00,ETH/BTC,0.033280,0.033831,0.032980,0.033690,14438.769313,486.442138
1549843200,2019-02-11 00:00:00,ETH/BTC,0.033980,0.034010,0.033000,0.033280,14119.094921,469.883479
1549756800,2019-02-10 00:00:00,ETH/BTC,0.032600,0.034140,0.032030,0.033990,5863.774072,199.309681
1549670400,2019-02-09 00:00:00,ETH/BTC,0.032587,0.032989,0.032370,0.032570,2639.728594,85.975987
1549584000,2019-02-08 00:00:00,ETH/BTC,0.030697,0.033034,0.030610,0.032540,21025.410523,684.166858
1549497600,2019-02-07 00:00:00,ETH/BTC,0.030653,0.031010,0.030584,0.030700,7480.766292,229.659525
1549411200,2019-02-06 00:00:00,ETH/BTC,0.030911,0.031043,0.029810,0.030710,19954.796530,612.811801
1549324800,2019-02-05 00:00:00,ETH/BTC,0.031070,0.031130,0.030791,0.030950,7105.536574,219.916357
1549238400,2019-02-04 00:00:00,ETH/BTC,0.031024,0.031376,0.030900,0.031046,8824.793196,273.973471
1549152000,2019-02-03 00:00:00,ETH/BTC,0.031550,0.031650,0.030851,0.031040,4552.749504,141.317345
1549065600,2019-02-02 00:00:00,ETH/BTC,0.030910,0.031650,0.030750,0.031520,4798.242328,151.240550
1548979200,2019-02-01 00:00:00,ETH/BTC,0.031010,0.031167,0.030463,0.030820,8889.960683,273.988499
1548892800,2019-01-31 00:00:00,ETH/BTC,0.031330,0.031830,0.030750,0.030998,11945.927630,370.304285
1548806400,2019-01-30 00:00:00,ETH/BTC,0.030630,0.031665,0.030445,0.031310,13661.831352,427.751940
1548720000,2019-01-29 00:00:00,ETH/BTC,0.030710,0.030980,0.030240,0.030617,14551.770618,445.534617
1548633600,2019-01-28 00:00:00,ETH/BTC,0.031560,0.031800,0.029840,0.030710,16295.053006,500.421078
1548547200,2019-01-27 00:00:00,ETH/BTC,0.032340,0.032410,0.031516,0.031640,3171.853606,100.357416
1548460800,2019-01-26 00:00:00,ETH/BTC,0.032290,0.032544,0.032101,0.032350,3658.233696,118.343787
1548374400,2019-01-25 00:00:00,ETH/BTC,0.032590,0.032930,0.032250,0.032290,7754.540754,250.394198
1548288000,2019-01-24 00:00:00,ETH/BTC,0.032800,0.032800,0.032199,0.032590,8477.289456,276.274863
1548201600,2019-01-23 00:00:00,ETH/BTC,0.032987,0.033130,0.032607,0.032779,8966.014330,293.899315
1548115200,2019-01-22 00:00:00,ETH/BTC,0.032820,0.033160,0.032228,0.032990,8951.729780,295.317565
1548028800,2019-01-21 00:00:00,ETH/BTC,0.033241,0.033282,0.032402,0.032810,6843.836306,224.546269
1547942400,2019-01-20 00:00:00,ETH/BTC,0.033340,0.033589,0.032983,0.033200,2003.937928,66.530739
1547856000,2019-01-19 00:00:00,ETH/BTC,0.033348,0.033836,0.033159,0.033480,5136.596999,171.973216
1547769600,2019-01-18 00:00:00,ETH/BTC,0.033670,0.033750,0.032969,0.033082,2394.430029,79.212534
1547683200,2019-01-17 00:00:00,ETH/BTC,0.033870,0.033927,0.033027,0.033732,4884.639462,164.767242
1547596800,2019-01-16 00:00:00,ETH/BTC,0.033560,0.034790,0.033300,0.034140,4215.237962,143.908224
1547510400,2019-01-15 00:00:00,ETH/BTC,0.035112,0.035536,0.032926,0.033563,5480.779247,183.948928
1547424000,2019-01-14 00:00:00,ETH/BTC,0.032802,0.035569,0.032802,0.034977,10438.411876,365.099426
1547337600,2019-01-13 00:00:00,ETH/BTC,0.034394,0.034501,0.032402,0.032850,3681.257734,120.929317
1547251200,2019-01-12 00:00:00,ETH/BTC,0.034659,0.034960,0.034207,0.034405,1181.477123,40.648909
1547164800,2019-01-11 00:00:00,ETH/BTC,0.034804,0.035294,0.033700,0.034601,2637.391387,91.256300
1547078400,2019-01-10 00:00:00,ETH/BTC,0.037372,0.037410,0.034188,0.034920,10973.842362,383.206575
1546992000,2019-01-09 00:00:00,ETH/BTC,0.037430,0.038121,0.037149,0.037393,1917.955222,71.718867
1546905600,2019-01-08 00:00:00,ETH/BTC,0.037620,0.037761,0.036951,0.037340,5011.761113,187.139060
1546819200,2019-01-07 00:00:00,ETH/BTC,0.038592,0.038680,0.037310,0.037620,4725.888145,177.787912
1546732800,2019-01-06 00:00:00,ETH/BTC,0.040460,0.040670,0.038360,0.038605,6411.672646,247.520378
1546646400,2019-01-05 00:00:00,ETH/BTC,0.040210,0.041580,0.040110,0.040560,5283.028350,214.279630
1546560000,2019-01-04 00:00:00,ETH/BTC,0.038833,0.040834,0.038650,0.040040,7511.169851,300.747241
1546473600,2019-01-03 00:00:00,ETH/BTC,0.039470,0.039878,0.038099,0.038826,3851.459135,149.535135
1546387200,2019-01-02 00:00:00,ETH/BTC,0.036630,0.040000,0.036537,0.039370,5764.345129,226.942268
1546300800,2019-01-01 00:00:00,ETH/BTC,0.035560,0.037750,0.035372,0.036590,4458.944176,163.151697
1546214400,2018-12-31 00:00:00,ETH/BTC,0.036180,0.036230,0.035294,0.035620,5782.477434,205.971846
1546128000,2018-12-30 00:00:00,ETH/BTC,0.036050,0.036525,0.035030,0.036270,2435.854430,88.348440
1546041600,2018-12-29 00:00:00,ETH/BTC,0.035300,0.037357,0.034184,0.036040,7385.187736,266.162166
1545955200,2018-12-28 00:00:00,ETH/BTC,0.031980,0.035471,0.031561,0.035240,9449.808525,333.011252
1545868800,2018-12-27 00:00:00,ETH/BTC,0.034246,0.034390,0.031445,0.031770,7065.629028,224.475105
1545782400,2018-12-26 00:00:00,ETH/BTC,0.033890,0.035436,0.033401,0.034090,2957.627995,100.825538
1545696000,2018-12-25 00:00:00,ETH/BTC,0.034520,0.034784,0.032912,0.034070,6051.649191,206.179688
1545609600,2018-12-24 00:00:00,ETH/BTC,0.032800,0.037611,0.032800,0.034551,16272.454165,562.222079
1545523200,2018-12-23 00:00:00,ETH/BTC,0.029110,0.033140,0.029110,0.032900,8758.125025,288.142313
1545436800,2018-12-22 00:00:00,ETH/BTC,0.028060,0.029430,0.027830,0.029100,2151.301574,62.602876
1545350400,2018-12-21 00:00:00,ETH/BTC,0.028150,0.028800,0.027527,0.028140,7089.420698,199.496157
1545264000,2018-12-20 00:00:00,ETH/BTC,0.026949,0.028652,0.026790,0.028098,9832.232192,276.263110
1545177600,2018-12-19 00:00:00,ETH/BTC,0.027521,0.028200,0.026914,0.026956,8446.748996,227.692509
1545091200,2018-12-18 00:00:00,ETH/BTC,0.026857,0.027579,0.026440,0.027526,3620.815816,99.666938
1545004800,2018-12-17 00:00:00,ETH/BTC,0.026220,0.027166,0.026177,0.026806,4972.373110,133.287494
1544918400,2018-12-16 00:00:00,ETH/BTC,0.026100,0.026801,0.026090,0.026230,3026.237329,79.378175
1544832000,2018-12-15 00:00:00,ETH/BTC,0.025934,0.026205,0.025920,0.026050,830.309523,21.629605
1544745600,2018-12-14 00:00:00,ETH/BTC,0.026155,0.026340,0.025828,0.026000,4300.084939,111.802208
1544659200,2018-12-13 00:00:00,ETH/BTC,0.025971,0.026586,0.025769,0.026139,4371.198953,114.259906
1544572800,2018-12-12 00:00:00,ETH/BTC,0.025868,0.026310,0.025801,0.026027,6245.794388,162.561102
1544486400,2018-12-11 00:00:00,ETH/BTC,0.026185,0.026607,0.025760,0.025989,2603.902106,67.672786
1544400000,2018-12-10 00:00:00,ETH/BTC,0.026300,0.026480,0.025783,0.026184,3255.129782,85.232709
1544313600,2018-12-09 00:00:00,ETH/BTC,0.026670,0.027040,0.026119,0.026408,4058.265063,107.171597
1544227200,2018-12-08 00:00:00,ETH/BTC,0.027380,0.028200,0.025518,0.026520,6971.367943,184.880678
1544140800,2018-12-07 00:00:00,ETH/BTC,0.026030,0.027800,0.024589,0.027335,14868.429297,406.428515
1544054400,2018-12-06 00:00:00,ETH/BTC,0.027291,0.027340,0.025528,0.025973,13475.259202,349.991560
1543968000,2018-12-05 00:00:00,ETH/BTC,0.027819,0.027910,0.027110,0.027263,3578.430256,97.557026
1543881600,2018-12-04 00:00:00,ETH/BTC,0.028040,0.028130,0.027660,0.027819,2416.899842,67.235737
1543795200,2018-12-03 00:00:00,ETH/BTC,0.028140,0.028444,0.027692,0.028010,4748.991192,133.019243
1543708800,2018-12-02 00:00:00,ETH/BTC,0.028145,0.028388,0.027848,0.028120,2026.415231,56.982756
1543622400,2018-12-01 00:00:00,ETH/BTC,0.028140,0.028880,0.027847,0.028136,2135.121621,60.073867
1543536000,2018-11-30 00:00:00,ETH/BTC,0.027400,0.028550,0.027330,0.028188,3819.940445,107.676443
1543449600,2018-11-29 00:00:00,ETH/BTC,0.028833,0.028917,0.027393,0.027461,4385.704219,120.433718
1543363200,2018-11-28 00:00:00,ETH/BTC,0.028800,0.029169,0.027900,0.028890,8538.123706,246.666308
1543276800,2018-11-27 00:00:00,ETH/BTC,0.028620,0.029079,0.027762,0.028720,6614.696154,189.974140
1543190400,2018-11-26 00:00:00,ETH/BTC,0.028970,0.029194,0.028407,0.028699,9824.979152,281.966684
1543104000,2018-11-25 00:00:00,ETH/BTC,0.029061,0.029505,0.027870,0.029000,8488.435736,246.164636
1543017600,2018-11-24 00:00:00,ETH/BTC,0.028299,0.029467,0.028135,0.029386,6043.087017,177.579798
1542931200,2018-11-23 00:00:00,ETH/BTC,0.028866,0.029172,0.027942,0.028299,13378.683669,378.603235
1542844800,2018-11-22 00:00:00,ETH/BTC,0.029610,0.029904,0.028830,0.028830,7631.137091,220.009193
1542758400,2018-11-21 00:00:00,ETH/BTC,0.029419,0.030100,0.028771,0.029628,11399.209839,337.731457
1542672000,2018-11-20 00:00:00,ETH/BTC,0.030597,0.030912,0.028800,0.029348,28621.948943,839.991233
1542585600,2018-11-19 00:00:00,ETH/BTC,0.031635,0.031635,0.029140,0.030625,24495.920937,750.179495
1542499200,2018-11-18 00:00:00,ETH/BTC,0.031346,0.031905,0.031250,0.031652,2469.536470,78.164706
1542412800,2018-11-17 00:00:00,ETH/BTC,0.031288,0.031610,0.031103,0.031350,1108.755081,34.759450
1542326400,2018-11-16 00:00:00,ETH/BTC,0.032039,0.032190,0.031217,0.031288,2199.498215,68.817438
1542240000,2018-11-15 00:00:00,ETH/BTC,0.031714,0.032307,0.031329,0.031955,6317.606074,201.880934
1542153600,2018-11-14 00:00:00,ETH/BTC,0.032471,0.032621,0.029658,0.031811,19943.124841,634.410744
1542067200,2018-11-13 00:00:00,ETH/BTC,0.032982,0.032991,0.032340,0.032481,1592.715727,51.733047
1541980800,2018-11-12 00:00:00,ETH/BTC,0.033028,0.033123,0.032808,0.033004,6184.081512,204.097571
1541894400,2018-11-11 00:00:00,ETH/BTC,0.033163,0.033245,0.032781,0.033022,793.475501,26.202442
1541808000,2018-11-10 00:00:00,ETH/BTC,0.032880,0.033440,0.032770,0.033163,545.500778,18.090366
1541721600,2018-11-09 00:00:00,ETH/BTC,0.032836,0.033105,0.032640,0.032890,4191.812898,137.867762
1541635200,2018-11-08 00:00:00,ETH/BTC,0.033400,0.033470,0.032800,0.032832,3008.326489,98.770308
1541548800,2018-11-07 00:00:00,ETH/BTC,0.033840,0.034120,0.033166,0.033281,2603.992647,86.663505
1541462400,2018-11-06 00:00:00,ETH/BTC,0.032571,0.033971,0.032428,0.033855,6639.262183,224.771756
1541376000,2018-11-05 00:00:00,ETH/BTC,0.032717,0.032853,0.032219,0.032583,3375.892672,109.996745
1541289600,2018-11-04 00:00:00,ETH/BTC,0.031339,0.033650,0.031279,0.032700,9160.175875,299.541049
1541203200,2018-11-03 00:00:00,ETH/BTC,0.031450,0.031479,0.031300,0.031366,1710.973664,53.666468
1541116800,2018-11-02 00:00:00,ETH/BTC,0.031185,0.031646,0.031166,0.031465,4299.107748,135.270179
1541030400,2018-11-01 00:00:00,ETH/BTC,0.031210,0.031273,0.031103,0.031191,2330.614886,72.694116
1540944000,2018-10-31 00:00:00,ETH/BTC,0.031159,0.031330,0.030900,0.031217,2269.936334,70.861738
1540857600,2018-10-30 00:00:00,ETH/BTC,0.031033,0.031223,0.030879,0.031200,1096.569195,34.213408
1540771200,2018-10-29 00:00:00,ETH/BTC,0.031586,0.031800,0.030872,0.030990,3802.864539,117.851609
1540684800,2018-10-28 00:00:00,ETH/BTC,0.031390,0.031667,0.031300,0.031667,716.585540,22.692401
1540598400,2018-10-27 00:00:00,ETH/BTC,0.031330,0.031490,0.031300,0.031460,378.930073,11.921136
1540512000,2018-10-26 00:00:00,ETH/BTC,0.031200,0.031670,0.031150,0.031409,1862.632418,58.503738
1540425600,2018-10-25 00:00:00,ETH/BTC,0.031220,0.031335,0.031030,0.031260,1560.796124,48.790487
1540339200,2018-10-24 00:00:00,ETH/BTC,0.031420,0.031464,0.031110,0.031326,1129.151984,35.372233
1540252800,2018-10-23 00:00:00,ETH/BTC,0.031370,0.031550,0.031041,0.031470,663.751675,20.888265
1540166400,2018-10-22 00:00:00,ETH/BTC,0.031520,0.031603,0.031270,0.031420,2334.618530,73.353714
1540080000,2018-10-21 00:00:00,ETH/BTC,0.031710,0.031895,0.031410,0.031490,1680.204939,52.909654
1539993600,2018-10-20 00:00:00,ETH/BTC,0.031330,0.031862,0.031250,0.031650,4220.170880,133.567775
1539907200,2018-10-19 00:00:00,ETH/BTC,0.031164,0.031510,0.031029,0.031350,1781.471763,55.849140
1539820800,2018-10-18 00:00:00,ETH/BTC,0.031629,0.031720,0.030866,0.031165,2742.360439,85.466870
1539734400,2018-10-17 00:00:00,ETH/BTC,0.031880,0.031940,0.031448,0.031530,1229.309362,38.760173
1539648000,2018-10-16 00:00:00,ETH/BTC,0.031667,0.032008,0.031490,0.031829,1712.375545,54.504006
1539561600,2018-10-15 00:00:00,ETH/BTC,0.031040,0.033477,0.030882,0.031674,31861.445160,1009.173998
1539475200,2018-10-14 00:00:00,ETH/BTC,0.031780,0.031896,0.030820,0.031089,793.216226,24.660632
1539388800,2018-10-13 00:00:00,ETH/BTC,0.031320,0.032069,0.031320,0.031810,3131.857272,99.624380
1539302400,2018-10-12 00:00:00,ETH/BTC,0.030640,0.031816,0.030499,0.031250,3173.701992,99.179235
1539216000,2018-10-11 00:00:00,ETH/BTC,0.034190,0.034269,0.030351,0.030495,9034.104184,275.496182
1539129600,2018-10-10 00:00:00,ETH/BTC,0.034260,0.034450,0.034055,0.034260,1069.350986,36.635943
1539043200,2018-10-09 00:00:00,ETH/BTC,0.034400,0.034680,0.034250,0.034360,2462.355995,84.606552
1538956800,2018-10-08 00:00:00,ETH/BTC,0.034260,0.034638,0.034000,0.034500,2419.889546,83.486189
1538870400,2018-10-07 00:00:00,ETH/BTC,0.034060,0.034345,0.033860,0.034260,1946.832134,66.697924
1538784000,2018-10-06 00:00:00,ETH/BTC,0.034390,0.034530,0.033760,0.034080,2770.536339,94.419878
1538697600,2018-10-05 00:00:00,ETH/BTC,0.033743,0.034720,0.033500,0.034320,2395.153316,82.201710
1538611200,2018-10-04 00:00:00,ETH/BTC,0.033950,0.034260,0.033510,0.033778,2098.193413,70.871959
1538524800,2018-10-03 00:00:00,ETH/BTC,0.034536,0.034606,0.033490,0.033850,5167.313883,174.913575
1538438400,2018-10-02 00:00:00,ETH/BTC,0.035050,0.035060,0.034400,0.034528,3634.089173,125.479357
1538352000,2018-10-01 00:00:00,ETH/BTC,0.035240,0.035320,0.034491,0.034911,4453.857332,155.489727
1538265600,2018-09-30 00:00:00,ETH/BTC,0.035031,0.036068,0.034200,0.035223,6010.835618,211.717199
1538179200,2018-09-29 00:00:00,ETH/BTC,0.033360,0.035976,0.033010,0.035170,4728.862684,166.313911
1538092800,2018-09-28 00:00:00,ETH/BTC,0.034360,0.034490,0.032810,0.033482,4357.365137,145.893779
1538006400,2018-09-27 00:00:00,ETH/BTC,0.033160,0.034770,0.032682,0.034160,9734.368427,332.528556
1537920000,2018-09-26 00:00:00,ETH/BTC,0.034010,0.034056,0.032507,0.033160,4171.817142,138.337540
1537833600,2018-09-25 00:00:00,ETH/BTC,0.034610,0.034650,0.031966,0.033950,6414.646371,217.778591
1537747200,2018-09-24 00:00:00,ETH/BTC,0.036390,0.036599,0.034333,0.034700,3268.186887,113.405824
1537660800,2018-09-23 00:00:00,ETH/BTC,0.035761,0.036860,0.035471,0.036383,3953.892029,143.854810
1537574400,2018-09-22 00:00:00,ETH/BTC,0.036690,0.037371,0.035002,0.035780,4656.260136,166.601034
1537488000,2018-09-21 00:00:00,ETH/BTC,0.034480,0.037200,0.033527,0.036600,13244.878394,484.763211
1537401600,2018-09-20 00:00:00,ETH/BTC,0.032880,0.034880,0.032429,0.034480,9604.352876,331.159528
1537315200,2018-09-19 00:00:00,ETH/BTC,0.032920,0.033720,0.032237,0.032780,7084.297924,232.223286
1537228800,2018-09-18 00:00:00,ETH/BTC,0.031291,0.033587,0.031120,0.032920,8095.301411,266.497403
1537142400,2018-09-17 00:00:00,ETH/BTC,0.033920,0.034569,0.030910,0.031490,7297.173369,229.787989
1537056000,2018-09-16 00:00:00,ETH/BTC,0.034120,0.034300,0.032500,0.033910,3067.675658,104.024452
1536969600,2018-09-15 00:00:00,ETH/BTC,0.032240,0.034700,0.032240,0.034200,2254.665812,77.108759
1536883200,2018-09-14 00:00:00,ETH/BTC,0.032560,0.034080,0.031586,0.032330,6487.543557,209.744554
1536796800,2018-09-13 00:00:00,ETH/BTC,0.028940,0.032988,0.028940,0.032447,13037.404075,423.029213
1536710400,2018-09-12 00:00:00,ETH/BTC,0.029430,0.029430,0.026791,0.028960,18060.040785,523.018420
1536624000,2018-09-11 00:00:00,ETH/BTC,0.031200,0.031450,0.028400,0.029373,6622.290772,194.518997
1536537600,2018-09-10 00:00:00,ETH/BTC,0.031430,0.032150,0.029910,0.031229,4499.806566,140.524009
1536451200,2018-09-09 00:00:00,ETH/BTC,0.031849,0.032510,0.030198,0.031350,5465.949726,171.357469
1536364800,2018-09-08 00:00:00,ETH/BTC,0.033715,0.034110,0.031000,0.031969,6357.388838,203.239364
1536278400,2018-09-07 00:00:00,ETH/BTC,0.035250,0.035850,0.033550,0.033680,7287.384542,245.439038
1536192000,2018-09-06 00:00:00,ETH/BTC,0.034140,0.035938,0.033250,0.035230,13271.493558,467.554983
1536105600,2018-09-05 00:00:00,ETH/BTC,0.038811,0.038980,0.033949,0.034150,8012.383846,273.625152
1536019200,2018-09-04 00:00:00,ETH/BTC,0.039733,0.039969,0.038500,0.038809,3998.224682,155.168301
1535932800,2018-09-03 00:00:00,ETH/BTC,0.040430,0.040475,0.039500,0.039828,2372.068022,94.474725
1535846400,2018-09-02 00:00:00,ETH/BTC,0.041118,0.041340,0.040000,0.040450,3191.624293,129.101075
1535760000,2018-09-01 00:00:00,ETH/BTC,0.040143,0.041700,0.040132,0.041055,1561.214122,64.095334
1535673600,2018-08-31 00:00:00,ETH/BTC,0.040730,0.040730,0.039720,0.040027,1871.642457,74.915334
1535587200,2018-08-30 00:00:00,ETH/BTC,0.041110,0.041315,0.040000,0.040890,5774.037649,236.100399
1535500800,2018-08-29 00:00:00,ETH/BTC,0.041670,0.041940,0.040890,0.041080,1589.413272,65.293050
1535414400,2018-08-28 00:00:00,ETH/BTC,0.041480,0.041969,0.040771,0.041760,1615.115663,67.447230
1535328000,2018-08-27 00:00:00,ETH/BTC,0.040890,0.041780,0.040722,0.041580,5162.275242,214.647405
1535241600,2018-08-26 00:00:00,ETH/BTC,0.041123,0.041190,0.040661,0.040880,1978.378398,80.876109
1535155200,2018-08-25 00:00:00,ETH/BTC,0.042070,0.042070,0.041123,0.041250,903.402343,37.265211
1535068800,2018-08-24 00:00:00,ETH/BTC,0.042379,0.042419,0.041595,0.042170,2221.803841,93.693468
1534982400,2018-08-23 00:00:00,ETH/BTC,0.042570,0.043229,0.042000,0.042300,2223.420644,94.050693
1534896000,2018-08-22 00:00:00,ETH/BTC,0.043350,0.043720,0.041390,0.042310,5369.483550,227.182849
1534809600,2018-08-21 00:00:00,ETH/BTC,0.043211,0.044173,0.042460,0.043452,2328.400489,101.172727
1534723200,2018-08-20 00:00:00,ETH/BTC,0.046240,0.046570,0.042929,0.043440,2684.288839,116.605507
1534636800,2018-08-19 00:00:00,ETH/BTC,0.046000,0.047480,0.045513,0.046240,1181.737826,54.643439
1534550400,2018-08-18 00:00:00,ETH/BTC,0.048220,0.048620,0.044874,0.045910,4103.286767,188.381895
1534464000,2018-08-17 00:00:00,ETH/BTC,0.045288,0.048400,0.045288,0.048331,3373.051293,163.024190
1534377600,2018-08-16 00:00:00,ETH/BTC,0.044760,0.046300,0.044650,0.045549,1864.987882,84.947960
1534291200,2018-08-15 00:00:00,ETH/BTC,0.045020,0.046427,0.044098,0.044780,5837.894842,261.420931
1534204800,2018-08-14 00:00:00,ETH/BTC,0.045450,0.045450,0.041871,0.044920,12245.607210,550.072676
1534118400,2018-08-13 00:00:00,ETH/BTC,0.050370,0.050540,0.045180,0.045450,9157.513255,416.208794
1534032000,2018-08-12 00:00:00,ETH/BTC,0.050973,0.051614,0.050221,0.050340,2439.969527,122.827871
1533945600,2018-08-11 00:00:00,ETH/BTC,0.054070,0.054148,0.049605,0.051200,4430.090481,226.819658
1533859200,2018-08-10 00:00:00,ETH/BTC,0.055630,0.056478,0.053550,0.054120,4851.847744,262.582000
1533772800,2018-08-09 00:00:00,ETH/BTC,0.056630,0.057250,0.055403,0.055629,2507.397459,139.484515
1533686400,2018-08-08 00:00:00,ETH/BTC,0.056221,0.057600,0.055404,0.056630,5732.033928,324.603591
1533600000,2018-08-07 00:00:00,ETH/BTC,0.058290,0.058513,0.055269,0.056221,3688.175601,207.351408
1533513600,2018-08-06 00:00:00,ETH/BTC,0.058230,0.058733,0.057700,0.058450,2725.315789,159.294708
1533427200,2018-08-05 00:00:00,ETH/BTC,0.058099,0.058558,0.057651,0.058294,2448.254717,142.718536
1533340800,2018-08-04 00:00:00,ETH/BTC,0.056240,0.058650,0.055821,0.057960,1399.321020,81.104646
1533254400,2018-08-03 00:00:00,ETH/BTC,0.054598,0.056499,0.054450,0.056150,2260.754999,126.941416
1533168000,2018-08-02 00:00:00,ETH/BTC,0.055329,0.055530,0.054176,0.054451,1481.584010,80.673049
1533081600,2018-08-01 00:00:00,ETH/BTC,0.055950,0.056440,0.054372,0.055278,2982.325829,164.857007
1532995200,2018-07-31 00:00:00,ETH/BTC,0.055800,0.056291,0.054320,0.055822,2937.376382,163.970224
1532908800,2018-07-30 00:00:00,ETH/BTC,0.056800,0.057120,0.055557,0.055968,4655.245704,260.547073
1532822400,2018-07-29 00:00:00,ETH/BTC,0.056947,0.057144,0.056550,0.056780,312.802402,17.760955
1532736000,2018-07-28 00:00:00,ETH/BTC,0.057350,0.057658,0.056568,0.056860,1045.063876,59.422342
1532649600,2018-07-27 00:00:00,ETH/BTC,0.058309,0.058969,0.056686,0.057220,2314.153043,132.415837
1532563200,2018-07-26 00:00:00,ETH/BTC,0.057799,0.058870,0.057575,0.058318,1833.707391,106.938514
1532476800,2018-07-25 00:00:00,ETH/BTC,0.057176,0.058185,0.056628,0.057815,4188.042578,242.131640
1532390400,2018-07-24 00:00:00,ETH/BTC,0.058175,0.059362,0.056550,0.056900,16404.349242,933.407472
1532304000,2018-07-23 00:00:00,ETH/BTC,0.061560,0.061699,0.057960,0.058250,6643.501094,386.983939
1532217600,2018-07-22 00:00:00,ETH/BTC,0.062250,0.062878,0.061440,0.061889,1999.338854,123.737542
1532131200,2018-07-21 00:00:00,ETH/BTC,0.061131,0.063190,0.061000,0.062412,1917.093806,119.649160
1532044800,2018-07-20 00:00:00,ETH/BTC,0.062770,0.062800,0.060351,0.061280,4266.610067,261.456969
1531958400,2018-07-19 00:00:00,ETH/BTC,0.065039,0.065274,0.062428,0.062777,2132.067429,133.844882
1531872000,2018-07-18 00:00:00,ETH/BTC,0.068294,0.068620,0.064500,0.065080,7836.536127,510.001614
1531785600,2018-07-17 00:00:00,ETH/BTC,0.071083,0.071437,0.067902,0.068152,5201.784358,354.509719
1531699200,2018-07-16 00:00:00,ETH/BTC,0.070810,0.071950,0.070190,0.071222,2670.662163,190.209901
1531612800,2018-07-15 00:00:00,ETH/BTC,0.069320,0.071200,0.069050,0.070720,1657.198276,117.197062
1531526400,2018-07-14 00:00:00,ETH/BTC,0.069535,0.070000,0.069205,0.069436,801.321728,55.640960
1531440000,2018-07-13 00:00:00,ETH/BTC,0.068860,0.070495,0.068860,0.069489,1275.905470,88.661727
1531353600,2018-07-12 00:00:00,ETH/BTC,0.069911,0.070280,0.068550,0.069010,1184.381776,81.733878
1531267200,2018-07-11 00:00:00,ETH/BTC,0.068540,0.070000,0.067560,0.069640,1367.181863,95.210545
1531180800,2018-07-10 00:00:00,ETH/BTC,0.070860,0.070970,0.067430,0.068520,5143.216425,352.413189
1531094400,2018-07-09 00:00:00,ETH/BTC,0.072431,0.072660,0.070727,0.070939,2001.121961,141.957931
1531008000,2018-07-08 00:00:00,ETH/BTC,0.071860,0.073190,0.071547,0.072442,1323.293022,95.862284
1530921600,2018-07-07 00:00:00,ETH/BTC,0.071101,0.071897,0.070052,0.071740,564.313735,40.483975
1530835200,2018-07-06 00:00:00,ETH/BTC,0.071509,0.071800,0.070000,0.071101,2657.311108,188.937610
1530748800,2018-07-05 00:00:00,ETH/BTC,0.070910,0.071751,0.070740,0.071510,2255.497367,161.290617
1530662400,2018-07-04 00:00:00,ETH/BTC,0.071030,0.072500,0.070290,0.070880,4588.050761,325.199432
1530576000,2018-07-03 00:00:00,ETH/BTC,0.071999,0.072920,0.070600,0.070950,2943.576551,208.846756
1530489600,2018-07-02 00:00:00,ETH/BTC,0.071160,0.072400,0.070720,0.071922,4964.853905,357.084060
1530403200,2018-07-01 00:00:00,ETH/BTC,0.071000,0.071643,0.070532,0.071170,467.364668,33.262147
1530316800,2018-06-30 00:00:00,ETH/BTC,0.070420,0.071921,0.069860,0.071000,2456.404576,174.404725
1530230400,2018-06-29 00:00:00,ETH/BTC,0.071930,0.071999,0.069168,0.070071,4611.675766,323.145609
1530144000,2018-06-28 00:00:00,ETH/BTC,0.071940,0.072185,0.070800,0.071940,2707.621741,194.786281
1530057600,2018-06-27 00:00:00,ETH/BTC,0.070831,0.072200,0.069880,0.071791,6835.450032,490.726801
1529971200,2018-06-26 00:00:00,ETH/BTC,0.073450,0.073702,0.070780,0.070836,6929.129547,490.831058
1529884800,2018-06-25 00:00:00,ETH/BTC,0.073880,0.075520,0.072756,0.073450,5263.242788,386.585183
1529798400,2018-06-24 00:00:00,ETH/BTC,0.077040,0.077099,0.072594,0.074260,4406.253151,327.208227
1529712000,2018-06-23 00:00:00,ETH/BTC,0.076409,0.077560,0.075700,0.076990,1299.192955,100.024866
1529625600,2018-06-22 00:00:00,ETH/BTC,0.078350,0.078350,0.074846,0.076540,4508.959377,345.115751
1529539200,2018-06-21 00:00:00,ETH/BTC,0.079439,0.080313,0.077830,0.078158,2441.951528,190.856851
1529452800,2018-06-20 00:00:00,ETH/BTC,0.079731,0.079980,0.078490,0.079260,2306.133185,182.784139
1529366400,2018-06-19 00:00:00,ETH/BTC,0.077021,0.080140,0.076930,0.079711,2194.933505,174.959928
1529280000,2018-06-18 00:00:00,ETH/BTC,0.077000,0.077631,0.076276,0.077240,1347.897398,104.111595
1529193600,2018-06-17 00:00:00,ETH/BTC,0.076640,0.077538,0.076599,0.076940,1283.975578,98.789081
1529107200,2018-06-16 00:00:00,ETH/BTC,0.076141,0.077396,0.075860,0.076670,984.307283,75.466652
1529020800,2018-06-15 00:00:00,ETH/BTC,0.078570,0.078570,0.074500,0.075930,4265.963801,323.914845
1528934400,2018-06-14 00:00:00,ETH/BTC,0.075520,0.079400,0.072740,0.078271,6610.926040,517.443858
1528848000,2018-06-13 00:00:00,ETH/BTC,0.075410,0.076402,0.072236,0.075500,5144.215085,388.388239
1528761600,2018-06-12 00:00:00,ETH/BTC,0.077370,0.078440,0.074666,0.075580,2231.135465,168.629196
1528675200,2018-06-11 00:00:00,ETH/BTC,0.077430,0.079000,0.076145,0.077370,5626.059819,435.288248
1528588800,2018-06-10 00:00:00,ETH/BTC,0.079200,0.079600,0.075500,0.077650,2702.846595,209.875930
1528502400,2018-06-09 00:00:00,ETH/BTC,0.078816,0.079370,0.078560,0.079182,986.218186,78.091044
1528416000,2018-06-08 00:00:00,ETH/BTC,0.078700,0.079306,0.078001,0.078601,3826.172679,300.742147
1528329600,2018-06-07 00:00:00,ETH/BTC,0.079330,0.079770,0.078300,0.078650,5302.902957,417.073318
1528243200,2018-06-06 00:00:00,ETH/BTC,0.079970,0.080039,0.078746,0.079320,2050.434632,162.640475
1528156800,2018-06-05 00:00:00,ETH/BTC,0.079169,0.080547,0.078010,0.079674,3112.497552,247.986406
1528070400,2018-06-04 00:00:00,ETH/BTC,0.080300,0.080889,0.077675,0.079053,2996.693878,236.897641
1527984000,2018-06-03 00:00:00,ETH/BTC,0.077470,0.080900,0.077470,0.080150,1485.465636,119.060071
1527897600,2018-06-02 00:00:00,ETH/BTC,0.077210,0.078146,0.076471,0.077517,1705.280925,132.188040
1527811200,2018-06-01 00:00:00,ETH/BTC,0.077269,0.077776,0.075803,0.076877,3148.031937,242.010244
1527724800,2018-05-31 00:00:00,ETH/BTC,0.075660,0.077569,0.075355,0.077260,2533.116987,195.707808
1527638400,2018-05-30 00:00:00,ETH/BTC,0.075853,0.077600,0.074184,0.075689,5278.864002,399.554049
1527552000,2018-05-29 00:00:00,ETH/BTC,0.072170,0.076516,0.072170,0.075850,2752.074328,208.744618
1527465600,2018-05-28 00:00:00,ETH/BTC,0.077690,0.077849,0.071490,0.072100,8220.998674,592.734004
1527379200,2018-05-27 00:00:00,ETH/BTC,0.079900,0.080450,0.076490,0.077604,2741.458033,212.747753
1527292800,2018-05-26 00:00:00,ETH/BTC,0.078420,0.080200,0.077865,0.079898,2492.938758,199.181868
1527206400,2018-05-25 00:00:00,ETH/BTC,0.079502,0.080798,0.077176,0.078420,5375.933195,421.580144
1527120000,2018-05-24 00:00:00,ETH/BTC,0.076888,0.079502,0.074915,0.079280,4341.467054,344.191725
1527033600,2018-05-23 00:00:00,ETH/BTC,0.080528,0.081037,0.075570,0.076876,7302.665378,561.399850
1526947200,2018-05-22 00:00:00,ETH/BTC,0.083288,0.083996,0.080000,0.080485,5539.250648,445.825481
1526860800,2018-05-21 00:00:00,ETH/BTC,0.083820,0.084350,0.082380,0.083063,1935.110656,160.735574
1526774400,2018-05-20 00:00:00,ETH/BTC,0.084645,0.085800,0.083900,0.084080,807.114038,67.862148
1526688000,2018-05-19 00:00:00,ETH/BTC,0.084230,0.085696,0.083400,0.084400,1523.856960,128.613527
1526601600,2018-05-18 00:00:00,ETH/BTC,0.083000,0.084330,0.082580,0.084200,2548.241772,214.561957
1526515200,2018-05-17 00:00:00,ETH/BTC,0.084610,0.085426,0.082749,0.083000,3003.084776,249.256036
1526428800,2018-05-16 00:00:00,ETH/BTC,0.083370,0.084750,0.082690,0.084610,3823.894039,323.539828
1526342400,2018-05-15 00:00:00,ETH/BTC,0.084000,0.084932,0.082412,0.083370,5199.330541,433.468187
1526256000,2018-05-14 00:00:00,ETH/BTC,0.083860,0.084770,0.082337,0.084000,6431.685595,540.261590
1526169600,2018-05-13 00:00:00,ETH/BTC,0.080838,0.085156,0.079946,0.083980,3274.369302,274.981534
1526083200,2018-05-12 00:00:00,ETH/BTC,0.080500,0.081100,0.077595,0.080838,4415.535657,356.943071
1525996800,2018-05-11 00:00:00,ETH/BTC,0.080270,0.082276,0.078292,0.080500,7024.726794,565.490507
1525910400,2018-05-10 00:00:00,ETH/BTC,0.080700,0.082048,0.080134,0.080290,4680.149195,375.769179
1525824000,2018-05-09 00:00:00,ETH/BTC,0.081520,0.081690,0.079090,0.080700,3798.701281,306.555079
1525737600,2018-05-08 00:00:00,ETH/BTC,0.080420,0.082020,0.079050,0.081570,5567.606141,454.149577
1525651200,2018-05-07 00:00:00,ETH/BTC,0.082110,0.082430,0.075026,0.080310,8971.217023,720.478439
1525564800,2018-05-06 00:00:00,ETH/BTC,0.083010,0.084500,0.079670,0.081963,4902.301650,401.808576
1525478400,2018-05-05 00:00:00,ETH/BTC,0.080850,0.083826,0.080610,0.083070,7028.620913,583.867610
1525392000,2018-05-04 00:00:00,ETH/BTC,0.079980,0.082977,0.079360,0.080830,7002.089485,565.978963
1525305600,2018-05-03 00:00:00,ETH/BTC,0.074420,0.080724,0.074420,0.079770,11064.866103,882.644369
1525219200,2018-05-02 00:00:00,ETH/BTC,0.074040,0.075147,0.073700,0.074420,2483.199558,184.799736
1525132800,2018-05-01 00:00:00,ETH/BTC,0.072400,0.074570,0.070410,0.073810,5396.599318,398.323535
1525046400,2018-04-30 00:00:00,ETH/BTC,0.073300,0.075000,0.072150,0.072450,4308.771604,312.170503
1524960000,2018-04-29 00:00:00,ETH/BTC,0.073090,0.073536,0.072309,0.073280,2566.117704,188.045105
1524873600,2018-04-28 00:00:00,ETH/BTC,0.072180,0.073816,0.072160,0.073100,2486.640059,181.773339
1524787200,2018-04-27 00:00:00,ETH/BTC,0.071271,0.073500,0.070750,0.072058,3332.072135,240.104087
1524700800,2018-04-26 00:00:00,ETH/BTC,0.069680,0.071874,0.069000,0.071379,8561.462268,611.105019
1524614400,2018-04-25 00:00:00,ETH/BTC,0.072780,0.072787,0.066690,0.069557,8829.592923,614.157611
1524528000,2018-04-24 00:00:00,ETH/BTC,0.072136,0.075720,0.071564,0.072760,5652.333915,411.264324
1524441600,2018-04-23 00:00:00,ETH/BTC,0.070550,0.072531,0.069620,0.072110,8573.525678,618.236937
1524355200,2018-04-22 00:00:00,ETH/BTC,0.067780,0.072196,0.067089,0.070458,2300.707806,162.102511
1524268800,2018-04-21 00:00:00,ETH/BTC,0.069660,0.069856,0.066550,0.067649,3918.157929,265.059505
1524182400,2018-04-20 00:00:00,ETH/BTC,0.068563,0.071160,0.067750,0.069650,7690.850127,535.667711
1524096000,2018-04-19 00:00:00,ETH/BTC,0.064400,0.068880,0.064213,0.068579,4934.964151,338.434907
1524009600,2018-04-18 00:00:00,ETH/BTC,0.063690,0.064400,0.063190,0.064310,2674.405289,171.991004
1523923200,2018-04-17 00:00:00,ETH/BTC,0.063510,0.064160,0.062820,0.063680,3187.491269,202.979476
1523836800,2018-04-16 00:00:00,ETH/BTC,0.063860,0.064000,0.062810,0.063387,3194.803225,202.510557
1523750400,2018-04-15 00:00:00,ETH/BTC,0.062830,0.063938,0.062370,0.063920,3976.533284,254.180007
1523664000,2018-04-14 00:00:00,ETH/BTC,0.062749,0.063590,0.061678,0.062820,8290.665494,520.819689
1523577600,2018-04-13 00:00:00,ETH/BTC,0.062500,0.064710,0.061890,0.062690,9529.420557,597.399279
1523491200,2018-04-12 00:00:00,ETH/BTC,0.062010,0.063193,0.058800,0.062407,12368.084993,771.853720
1523404800,2018-04-11 00:00:00,ETH/BTC,0.060650,0.062171,0.060276,0.061730,9057.200532,559.102891
1523318400,2018-04-10 00:00:00,ETH/BTC,0.058740,0.060880,0.058400,0.060650,6519.633058,395.415745
1523232000,2018-04-09 00:00:00,ETH/BTC,0.057020,0.060290,0.057020,0.058750,7802.683229,458.407640
1523145600,2018-04-08 00:00:00,ETH/BTC,0.055840,0.057250,0.055480,0.056915,1254.212601,71.383535
1523059200,2018-04-07 00:00:00,ETH/BTC,0.055834,0.056050,0.055056,0.055821,2118.702773,118.268680
1522972800,2018-04-06 00:00:00,ETH/BTC,0.056290,0.056399,0.055400,0.055877,2396.872115,133.930359
1522886400,2018-04-05 00:00:00,ETH/BTC,0.055660,0.056400,0.055400,0.056300,3971.057209,223.570481
1522800000,2018-04-04 00:00:00,ETH/BTC,0.056060,0.056200,0.053612,0.055740,3935.974215,219.391281
1522713600,2018-04-03 00:00:00,ETH/BTC,0.054541,0.056130,0.053730,0.056060,4807.729723,269.521136
1522627200,2018-04-02 00:00:00,ETH/BTC,0.055520,0.055800,0.054304,0.054530,2676.183703,145.932271
1522540800,2018-04-01 00:00:00,ETH/BTC,0.056896,0.056960,0.055026,0.055450,3110.079629,172.454848
1522454400,2018-03-31 00:00:00,ETH/BTC,0.057530,0.059010,0.056373,0.056920,3466.546614,197.315833
1522368000,2018-03-30 00:00:00,ETH/BTC,0.054080,0.057650,0.054080,0.057430,9812.227081,563.516201
1522281600,2018-03-29 00:00:00,ETH/BTC,0.056135,0.056450,0.053916,0.054080,10052.213888,543.623727
1522195200,2018-03-28 00:00:00,ETH/BTC,0.057580,0.057890,0.056030,0.056040,3742.630307,209.737002
1522108800,2018-03-27 00:00:00,ETH/BTC,0.059751,0.059992,0.056520,0.057470,5955.329596,342.252732
1522022400,2018-03-26 00:00:00,ETH/BTC,0.061865,0.062100,0.059138,0.059690,4838.890096,288.833350
1521936000,2018-03-25 00:00:00,ETH/BTC,0.060980,0.062520,0.060650,0.061860,3264.300694,201.929674
1521849600,2018-03-24 00:00:00,ETH/BTC,0.061000,0.061160,0.060066,0.061107,2124.814930,129.840896
1521763200,2018-03-23 00:00:00,ETH/BTC,0.061997,0.062157,0.060640,0.060950,2697.243750,164.397061
1521676800,2018-03-22 00:00:00,ETH/BTC,0.062880,0.063608,0.060905,0.061935,3399.930008,210.575107
1521590400,2018-03-21 00:00:00,ETH/BTC,0.062490,0.064820,0.062110,0.062999,5126.687911,322.976929
1521504000,2018-03-20 00:00:00,ETH/BTC,0.064485,0.064820,0.062017,0.062560,4665.333850,291.862259
1521417600,2018-03-19 00:00:00,ETH/BTC,0.065640,0.066700,0.063261,0.064506,7993.798711,515.647980
1521331200,2018-03-18 00:00:00,ETH/BTC,0.069760,0.069910,0.061811,0.065442,14789.828437,967.875953
1521244800,2018-03-17 00:00:00,ETH/BTC,0.072460,0.073557,0.069700,0.069980,4937.130012,345.500358
1521158400,2018-03-16 00:00:00,ETH/BTC,0.073800,0.074533,0.071640,0.072468,5666.448062,410.636101
1521072000,2018-03-15 00:00:00,ETH/BTC,0.074595,0.075345,0.073001,0.074000,8083.756467,598.197332
1520985600,2018-03-14 00:00:00,ETH/BTC,0.075260,0.076560,0.073018,0.074580,5889.865100,439.266139
1520899200,2018-03-13 00:00:00,ETH/BTC,0.076510,0.077167,0.074670,0.075296,8976.448911,675.889530
1520812800,2018-03-12 00:00:00,ETH/BTC,0.075359,0.077280,0.074216,0.076247,8003.839182,610.272008
1520726400,2018-03-11 00:00:00,ETH/BTC,0.077610,0.079619,0.074666,0.075393,5971.949417,450.242884
1520640000,2018-03-10 00:00:00,ETH/BTC,0.078581,0.079844,0.077141,0.077664,2448.626973,190.170165
1520553600,2018-03-09 00:00:00,ETH/BTC,0.074996,0.078723,0.074548,0.078581,9150.405684,719.045101
1520467200,2018-03-08 00:00:00,ETH/BTC,0.075930,0.077177,0.074371,0.074950,5827.322861,436.757848
1520380800,2018-03-07 00:00:00,ETH/BTC,0.075900,0.076562,0.073439,0.075710,9125.498128,690.891463
1520294400,2018-03-06 00:00:00,ETH/BTC,0.074148,0.076562,0.074064,0.076000,10349.005245,786.524399
1520208000,2018-03-05 00:00:00,ETH/BTC,0.075322,0.075648,0.073174,0.074110,3333.519276,247.047114
1520121600,2018-03-04 00:00:00,ETH/BTC,0.074560,0.077540,0.074531,0.075195,2289.910315,172.189279
1520035200,2018-03-03 00:00:00,ETH/BTC,0.077480,0.077520,0.074225,0.074405,4210.173946,313.256266
1519948800,2018-03-02 00:00:00,ETH/BTC,0.079620,0.079680,0.077095,0.077560,4860.311133,376.965683
1519862400,2018-03-01 00:00:00,ETH/BTC,0.082700,0.082900,0.079172,0.079610,3427.920634,272.896762
1519776000,2018-02-28 00:00:00,ETH/BTC,0.082340,0.083000,0.080180,0.082448,4696.312770,387.200468
